int asset_butterfly_vert_size_bytes = 56;
int asset_butterfly_num_verts = 1584;
int asset_butterfly_uv_offset_bytes = 12;
int asset_butterfly_normal_offset_bytes = 20;
int asset_butterfly_tangent_offset_bytes = 32;
int asset_butterfly_bitangent_offset_bytes = 44;
float asset_butterfly[] = {
	0.092191f, -0.052944f, -0.002908f, 0.503009f, 0.407476f, 0.515524f, 0.000017f, 0.856875f, 0.721688f, -0.539124f, -0.434180f, 0.461954f, 0.842227f, -0.277944f, 
	0.070581f, -0.065044f, -0.001140f, 0.132662f, 0.205936f, 0.426792f, 0.000045f, 0.904350f, 0.760999f, -0.540294f, -0.359114f, 0.488599f, 0.841476f, -0.230628f, 
	0.075705f, -0.061208f, -0.022599f, 0.420186f, -0.043325f, 0.457029f, -0.128806f, 0.880076f, 0.713547f, -0.537624f, -0.449235f, 0.531014f, 0.833289f, -0.153800f, 
	0.092191f, -0.052944f, -0.002908f, 0.503009f, 0.407476f, 0.515524f, 0.000017f, 0.856875f, 0.721688f, -0.539124f, -0.434180f, 0.461954f, 0.842227f, -0.277944f, 
	0.075705f, -0.061208f, -0.022599f, 0.420186f, -0.043325f, 0.457029f, -0.128806f, 0.880076f, 0.713547f, -0.537624f, -0.449235f, 0.531014f, 0.833289f, -0.153800f, 
	0.091553f, -0.052012f, -0.024772f, 0.700677f, 0.093863f, 0.573843f, -0.278613f, 0.770116f, 0.604366f, -0.490522f, -0.627798f, 0.552672f, 0.825689f, -0.113098f, 
	0.092191f, -0.052944f, -0.002908f, 0.503009f, 0.407476f, 0.515524f, 0.000017f, 0.856875f, 0.722085f, -0.538399f, -0.434419f, 0.461333f, 0.842690f, -0.277570f, 
	0.091553f, -0.052012f, -0.024772f, 0.700677f, 0.093863f, 0.573843f, -0.278613f, 0.770116f, 0.603741f, -0.491454f, -0.627670f, 0.553354f, 0.825135f, -0.113807f, 
	0.119619f, -0.034786f, -0.010909f, 1.047010f, 0.589982f, 0.629490f, -0.398478f, 0.667052f, 0.505358f, -0.442146f, -0.741027f, 0.590217f, 0.803568f, -0.076952f, 
	0.092191f, -0.052944f, -0.002908f, 0.503009f, 0.407476f, 0.515524f, 0.000017f, 0.856875f, 0.722085f, -0.538399f, -0.434419f, 0.461333f, 0.842690f, -0.277570f, 
	0.119619f, -0.034786f, -0.010909f, 1.047010f, 0.589982f, 0.629490f, -0.398478f, 0.667052f, 0.505358f, -0.442146f, -0.741027f, 0.590217f, 0.803568f, -0.076952f, 
	0.120567f, -0.036171f, -0.005267f, 0.995049f, 0.675209f, 0.537332f, 0.000023f, 0.843371f, 0.719079f, -0.522535f, -0.458129f, 0.440680f, 0.852618f, -0.280791f, 
	0.092191f, -0.052944f, -0.002908f, 0.503009f, 0.407476f, 0.515524f, 0.000017f, 0.856875f, 0.721110f, -0.540177f, -0.433832f, 0.462857f, 0.841551f, -0.278487f, 
	0.120567f, -0.036171f, -0.005267f, 0.995049f, 0.675209f, 0.537332f, 0.000023f, 0.843371f, 0.716945f, -0.526642f, -0.456769f, 0.444144f, 0.850087f, -0.282998f, 
	0.119619f, -0.034786f, 0.000376f, 0.939859f, 0.758388f, 0.668737f, 0.390143f, 0.632912f, 0.721660f, -0.545409f, -0.426304f, 0.178877f, 0.741833f, -0.646287f, 
	0.092191f, -0.052944f, -0.002908f, 0.503009f, 0.407476f, 0.515524f, 0.000017f, 0.856875f, 0.721110f, -0.540177f, -0.433832f, 0.462857f, 0.841551f, -0.278487f, 
	0.119619f, -0.034786f, 0.000376f, 0.939859f, 0.758388f, 0.668737f, 0.390143f, 0.632912f, 0.721660f, -0.545409f, -0.426304f, 0.178877f, 0.741833f, -0.646287f, 
	0.091553f, -0.052012f, 0.018955f, 0.300767f, 0.718242f, 0.603794f, 0.274636f, 0.748337f, 0.743130f, -0.533602f, -0.403765f, 0.288426f, 0.799902f, -0.526276f, 
	0.092191f, -0.052944f, -0.002908f, 0.503009f, 0.407476f, 0.515524f, 0.000017f, 0.856875f, 0.720711f, -0.540900f, -0.433592f, 0.463477f, 0.841087f, -0.278860f, 
	0.091553f, -0.052012f, 0.018955f, 0.300767f, 0.718242f, 0.603794f, 0.274636f, 0.748337f, 0.741710f, -0.537510f, -0.401185f, 0.292059f, 0.797282f, -0.528245f, 
	0.075705f, -0.061208f, 0.019403f, 0.034933f, 0.558291f, 0.473179f, 0.129036f, 0.871465f, 0.777315f, -0.526684f, -0.344072f, 0.414589f, 0.840210f, -0.349517f, 
	0.092191f, -0.052944f, -0.002908f, 0.503009f, 0.407476f, 0.515524f, 0.000017f, 0.856875f, 0.720711f, -0.540900f, -0.433592f, 0.463477f, 0.841087f, -0.278860f, 
	0.075705f, -0.061208f, 0.019403f, 0.034933f, 0.558291f, 0.473179f, 0.129036f, 0.871465f, 0.777315f, -0.526684f, -0.344072f, 0.414589f, 0.840210f, -0.349517f, 
	0.070581f, -0.065044f, -0.001140f, 0.132662f, 0.205936f, 0.426792f, 0.000045f, 0.904350f, 0.761693f, -0.539098f, -0.359441f, 0.487517f, 0.842243f, -0.230117f, 
	0.087085f, -0.045487f, -0.002908f, 0.402153f, 0.515228f, -0.612555f, 0.000018f, -0.790428f, 0.609137f, 0.637279f, -0.472046f, 0.503714f, -0.770634f, -0.390379f, 
	0.067991f, -0.061262f, -0.001140f, 0.107164f, 0.233057f, -0.688898f, 0.000045f, -0.724858f, 0.557480f, 0.639175f, -0.529784f, 0.463287f, -0.769061f, -0.440351f, 
	0.073419f, -0.057870f, 0.019403f, 0.403332f, 0.039103f, -0.641468f, 0.129037f, -0.756219f, 0.640363f, 0.632878f, -0.435202f, 0.422438f, -0.763423f, -0.488602f, 
	0.087085f, -0.045487f, -0.002908f, 0.402153f, 0.515228f, -0.612555f, 0.000018f, -0.790428f, 0.609137f, 0.637279f, -0.472046f, 0.503714f, -0.770634f, -0.390379f, 
	0.073419f, -0.057870f, 0.019403f, 0.403332f, 0.039103f, -0.641468f, 0.129037f, -0.756219f, 0.640363f, 0.632878f, -0.435202f, 0.422438f, -0.763423f, -0.488602f, 
	0.087723f, -0.046419f, 0.018955f, 0.629179f, 0.237144f, -0.479447f, 0.274638f, -0.833489f, 0.770335f, 0.586668f, -0.249809f, 0.420374f, -0.761836f, -0.492840f, 
	0.087085f, -0.045487f, -0.002908f, 0.402153f, 0.515228f, -0.612555f, 0.000018f, -0.790428f, 0.609746f, 0.636346f, -0.472518f, 0.502977f, -0.771403f, -0.389808f, 
	0.087723f, -0.046419f, 0.018955f, 0.629179f, 0.237144f, -0.479447f, 0.274638f, -0.833489f, 0.770397f, 0.586556f, -0.249882f, 0.420261f, -0.761922f, -0.492803f, 
	0.113930f, -0.026478f, 0.000376f, 0.854497f, 0.814739f, -0.348352f, 0.390146f, -0.852313f, 0.842148f, 0.529552f, -0.101795f, 0.411629f, -0.753233f, -0.513031f, 
	0.087085f, -0.045487f, -0.002908f, 0.402153f, 0.515228f, -0.612555f, 0.000018f, -0.790428f, 0.609746f, 0.636346f, -0.472518f, 0.502977f, -0.771403f, -0.389808f, 
	0.113930f, -0.026478f, 0.000376f, 0.854497f, 0.814739f, -0.348352f, 0.390146f, -0.852313f, 0.842148f, 0.529552f, -0.101795f, 0.411629f, -0.753233f, -0.513031f, 
	0.112981f, -0.025094f, -0.005267f, 0.794026f, 0.890127f, -0.592077f, 0.000024f, -0.805882f, 0.633388f, 0.618295f, -0.465328f, 0.498262f, -0.785946f, -0.366094f, 
	0.087085f, -0.045487f, -0.002908f, 0.402153f, 0.515228f, -0.612555f, 0.000018f, -0.790428f, 0.607800f, 0.639319f, -0.471010f, 0.505327f, -0.768942f, -0.391629f, 
	0.112981f, -0.025094f, -0.005267f, 0.794026f, 0.890127f, -0.592077f, 0.000024f, -0.805882f, 0.629048f, 0.625080f, -0.462140f, 0.503729f, -0.780560f, -0.370111f, 
	0.113930f, -0.026478f, -0.010909f, 0.730737f, 0.963153f, -0.394372f, -0.398480f, -0.828061f, 0.546451f, 0.622777f, -0.559946f, 0.738824f, -0.673322f, -0.027857f, 
	0.087085f, -0.045487f, -0.002908f, 0.402153f, 0.515228f, -0.612555f, 0.000018f, -0.790428f, 0.607800f, 0.639319f, -0.471010f, 0.505327f, -0.768942f, -0.391629f, 
	0.113930f, -0.026478f, -0.010909f, 0.730737f, 0.963153f, -0.394372f, -0.398480f, -0.828061f, 0.546451f, 0.622777f, -0.559946f, 0.738824f, -0.673322f, -0.027857f, 
	0.087723f, -0.046419f, -0.024772f, 0.171164f, 0.789922f, -0.510582f, -0.278615f, -0.813437f, 0.552661f, 0.618394f, -0.558708f, 0.658689f, -0.734821f, -0.161761f, 
	0.087085f, -0.045487f, -0.002908f, 0.402153f, 0.515228f, -0.612555f, 0.000018f, -0.790428f, 0.607192f, 0.640243f, -0.470539f, 0.506058f, -0.768172f, -0.392195f, 
	0.087723f, -0.046419f, -0.024772f, 0.171164f, 0.789922f, -0.510582f, -0.278615f, -0.813437f, 0.549654f, 0.621737f, -0.557965f, 0.661201f, -0.731995f, -0.164306f, 
	0.073419f, -0.057870f, -0.022599f, -0.037998f, 0.571666f, -0.655334f, -0.128807f, -0.744275f, 0.529385f, 0.624530f, -0.574207f, 0.538784f, -0.770306f, -0.341087f, 
	0.087085f, -0.045487f, -0.002908f, 0.402153f, 0.515228f, -0.612555f, 0.000018f, -0.790428f, 0.607192f, 0.640243f, -0.470539f, 0.506058f, -0.768172f, -0.392195f, 
	0.073419f, -0.057870f, -0.022599f, -0.037998f, 0.571666f, -0.655334f, -0.128807f, -0.744275f, 0.529385f, 0.624530f, -0.574207f, 0.538784f, -0.770306f, -0.341087f, 
	0.067991f, -0.061262f, -0.001140f, 0.107164f, 0.233057f, -0.688898f, 0.000045f, -0.724858f, 0.558568f, 0.637366f, -0.530818f, 0.461976f, -0.770562f, -0.439105f, 
	0.089638f, -0.049215f, -0.032059f, 0.774004f, -0.020667f, 0.236619f, -0.957994f, -0.162044f, 0.545158f, 0.268958f, -0.794018f, 0.804248f, 0.099540f, 0.585899f, 
	0.091553f, -0.052012f, -0.024772f, 0.700677f, 0.093863f, 0.573843f, -0.278613f, 0.770116f, 0.601996f, -0.494051f, -0.627308f, 0.555253f, 0.823583f, -0.115783f, 
	0.075705f, -0.061208f, -0.022599f, 0.420186f, -0.043325f, 0.457029f, -0.128806f, 0.880076f, 0.713316f, -0.537986f, -0.449168f, 0.531324f, 0.833055f, -0.153996f, 
	0.089638f, -0.049215f, -0.032059f, 0.774004f, -0.020667f, 0.236619f, -0.957994f, -0.162044f, 0.545158f, 0.268958f, -0.794018f, 0.804248f, 0.099540f, 0.585899f, 
	0.075705f, -0.061208f, -0.022599f, 0.420186f, -0.043325f, 0.457029f, -0.128806f, 0.880076f, 0.713316f, -0.537986f, -0.449168f, 0.531324f, 0.833055f, -0.153996f, 
	0.069286f, -0.063153f, -0.033817f, 0.428935f, -0.266450f, -0.514899f, -0.781375f, 0.352607f, 0.579481f, -0.620366f, -0.528533f, 0.631728f, -0.067812f, 0.772218f, 
	0.089638f, -0.049215f, -0.032059f, 0.087145f, 0.891290f, 0.236619f, -0.957994f, -0.162044f, 0.607801f, 0.276064f, -0.744558f, 0.758017f, 0.077686f, 0.647592f, 
	0.069286f, -0.063153f, -0.033817f, -0.241193f, 0.645477f, -0.514899f, -0.781375f, 0.352607f, 0.270875f, -0.538547f, -0.797869f, 0.813330f, -0.315309f, 0.488952f, 
	0.073419f, -0.057870f, -0.022599f, -0.037998f, 0.571666f, -0.655334f, -0.128807f, -0.744275f, 0.525502f, 0.630045f, -0.571743f, 0.542572f, -0.765801f, -0.345202f, 
	0.089638f, -0.049215f, -0.032059f, 0.087145f, 0.891290f, 0.236619f, -0.957994f, -0.162044f, 0.607801f, 0.276064f, -0.744558f, 0.758017f, 0.077686f, 0.647592f, 
	0.073419f, -0.057870f, -0.022599f, -0.037998f, 0.571666f, -0.655334f, -0.128807f, -0.744275f, 0.525502f, 0.630045f, -0.571743f, 0.542572f, -0.765801f, -0.345202f, 
	0.087723f, -0.046419f, -0.024772f, 0.171164f, 0.789922f, -0.510582f, -0.278615f, -0.813437f, 0.541443f, 0.630733f, -0.555892f, 0.667941f, -0.724258f, -0.171187f, 
	0.089638f, -0.049215f, -0.032059f, 0.087145f, 0.891290f, 0.236619f, -0.957994f, -0.162044f, 0.713077f, 0.284510f, -0.640761f, 0.659949f, 0.036067f, 0.750444f, 
	0.087723f, -0.046419f, -0.024772f, 0.171164f, 0.789922f, -0.510582f, -0.278615f, -0.813437f, 0.549070f, 0.622382f, -0.557819f, 0.661685f, -0.731447f, -0.164798f, 
	0.113930f, -0.026478f, -0.010909f, 0.730737f, 0.963153f, -0.394372f, -0.398480f, -0.828061f, 0.612909f, 0.557337f, -0.560106f, 0.684699f, -0.728416f, 0.024433f, 
	0.089638f, -0.049215f, -0.032059f, 0.087145f, 0.891290f, 0.236619f, -0.957994f, -0.162044f, 0.713077f, 0.284510f, -0.640761f, 0.659949f, 0.036067f, 0.750444f, 
	0.113930f, -0.026478f, -0.010909f, 0.730737f, 0.963153f, -0.394372f, -0.398480f, -0.828061f, 0.612909f, 0.557337f, -0.560106f, 0.684699f, -0.728416f, 0.024433f, 
	0.116774f, -0.030632f, -0.012790f, 0.694450f, 1.043630f, 0.354887f, -0.902767f, -0.243037f, 0.591614f, 0.418141f, -0.689312f, 0.723912f, 0.100843f, 0.682482f, 
	0.089638f, -0.049215f, -0.032059f, 0.774004f, -0.020667f, 0.236619f, -0.957994f, -0.162044f, 0.385572f, 0.245670f, -0.889371f, 0.891822f, 0.147963f, 0.427506f, 
	0.116774f, -0.030632f, -0.012790f, 1.114780f, 0.528984f, 0.354887f, -0.902767f, -0.243037f, -0.050691f, 0.240995f, -0.969202f, 0.933534f, 0.356276f, 0.039764f, 
	0.119619f, -0.034786f, -0.010909f, 1.047010f, 0.589982f, 0.629490f, -0.398478f, 0.667052f, 0.581704f, -0.327471f, -0.744569f, 0.515135f, 0.856725f, 0.025656f, 
	0.089638f, -0.049215f, -0.032059f, 0.774004f, -0.020667f, 0.236619f, -0.957994f, -0.162044f, 0.385572f, 0.245670f, -0.889371f, 0.891822f, 0.147963f, 0.427506f, 
	0.119619f, -0.034786f, -0.010909f, 1.047010f, 0.589982f, 0.629490f, -0.398478f, 0.667052f, 0.581704f, -0.327471f, -0.744569f, 0.515135f, 0.856725f, 0.025656f, 
	0.091553f, -0.052012f, -0.024772f, 0.700677f, 0.093863f, 0.573843f, -0.278613f, 0.770116f, 0.599037f, -0.498419f, -0.626684f, 0.558443f, 0.820946f, -0.119115f, 
	0.089638f, -0.049215f, 0.026243f, 0.229017f, 0.833786f, 0.331491f, 0.915739f, -0.227013f, 0.761064f, -0.401753f, -0.509290f, -0.557580f, -0.003946f, -0.830114f, 
	0.091553f, -0.052012f, 0.018955f, 0.300767f, 0.718242f, 0.603794f, 0.274636f, 0.748337f, 0.742791f, -0.534542f, -0.403146f, 0.289299f, 0.799275f, -0.526750f, 
	0.119619f, -0.034786f, 0.000376f, 0.939859f, 0.758388f, 0.668737f, 0.390143f, 0.632912f, 0.725049f, -0.530669f, -0.438971f, 0.164605f, 0.752449f, -0.637751f, 
	0.089638f, -0.049215f, 0.026243f, 0.229017f, 0.833786f, 0.331491f, 0.915739f, -0.227013f, 0.761064f, -0.401753f, -0.509290f, -0.557580f, -0.003946f, -0.830114f, 
	0.119619f, -0.034786f, 0.000376f, 0.939859f, 0.758388f, 0.668737f, 0.390143f, 0.632912f, 0.725049f, -0.530669f, -0.438971f, 0.164605f, 0.752449f, -0.637751f, 
	0.116774f, -0.030632f, 0.002256f, 0.919332f, 0.847204f, 0.434697f, 0.849952f, -0.297692f, 0.711700f, -0.526769f, -0.464756f, -0.551835f, -0.009840f, -0.833895f, 
	0.089638f, -0.049215f, 0.026243f, 0.714604f, 0.136925f, 0.331491f, 0.915739f, -0.227013f, 0.933381f, -0.283240f, 0.220397f, 0.137527f, -0.284949f, -0.948625f, 
	0.116774f, -0.030632f, 0.002256f, 0.930377f, 0.769649f, 0.434697f, 0.849952f, -0.297692f, 0.776355f, -0.186145f, 0.602182f, 0.456412f, -0.492882f, -0.740781f, 
	0.113930f, -0.026478f, 0.000376f, 0.854497f, 0.814739f, -0.348352f, 0.390146f, -0.852313f, 0.874740f, 0.462075f, -0.146003f, 0.336869f, -0.796412f, -0.502241f, 
	0.089638f, -0.049215f, 0.026243f, 0.714604f, 0.136925f, 0.331491f, 0.915739f, -0.227013f, 0.933381f, -0.283240f, 0.220397f, 0.137527f, -0.284949f, -0.948625f, 
	0.113930f, -0.026478f, 0.000376f, 0.854497f, 0.814739f, -0.348352f, 0.390146f, -0.852313f, 0.874740f, 0.462075f, -0.146003f, 0.336869f, -0.796412f, -0.502241f, 
	0.087723f, -0.046419f, 0.018955f, 0.629179f, 0.237144f, -0.479447f, 0.274638f, -0.833489f, 0.767382f, 0.591971f, -0.246363f, 0.425741f, -0.757723f, -0.494571f, 
	0.089638f, -0.049215f, 0.026243f, 0.714604f, 0.136925f, 0.331491f, 0.915739f, -0.227013f, 0.943247f, -0.326767f, 0.059224f, -0.019947f, -0.233762f, -0.972089f, 
	0.087723f, -0.046419f, 0.018955f, 0.629179f, 0.237144f, -0.479447f, 0.274638f, -0.833489f, 0.768441f, 0.590081f, -0.247595f, 0.423827f, -0.759196f, -0.493956f, 
	0.073419f, -0.057870f, 0.019403f, 0.403332f, 0.039103f, -0.641468f, 0.129037f, -0.756219f, 0.641229f, 0.631310f, -0.436204f, 0.421122f, -0.764720f, -0.487708f, 
	0.089638f, -0.049215f, 0.026243f, 0.714604f, 0.136925f, 0.331491f, 0.915739f, -0.227013f, 0.943247f, -0.326767f, 0.059224f, -0.019947f, -0.233762f, -0.972089f, 
	0.073419f, -0.057870f, 0.019403f, 0.403332f, 0.039103f, -0.641468f, 0.129037f, -0.756219f, 0.641229f, 0.631310f, -0.436204f, 0.421122f, -0.764720f, -0.487708f, 
	0.069286f, -0.063153f, 0.031537f, 0.447839f, -0.186202f, -0.452656f, 0.836070f, 0.309984f, 0.765127f, 0.542709f, -0.346479f, -0.457912f, 0.080341f, -0.885360f, 
	0.089638f, -0.049215f, 0.026243f, 0.229017f, 0.833786f, 0.331491f, 0.915739f, -0.227013f, 0.836992f, -0.396482f, -0.377155f, -0.435382f, -0.064985f, -0.897897f, 
	0.069286f, -0.063153f, 0.031537f, -0.172743f, 0.672901f, -0.452656f, 0.836070f, 0.309984f, 0.778518f, 0.540055f, -0.319768f, -0.434756f, 0.096583f, -0.895354f, 
	0.075705f, -0.061208f, 0.019403f, 0.034933f, 0.558291f, 0.473179f, 0.129036f, 0.871465f, 0.775292f, -0.530759f, -0.342371f, 0.418360f, 0.837642f, -0.351185f, 
	0.089638f, -0.049215f, 0.026243f, 0.229017f, 0.833786f, 0.331491f, 0.915739f, -0.227013f, 0.836992f, -0.396482f, -0.377155f, -0.435382f, -0.064985f, -0.897897f, 
	0.075705f, -0.061208f, 0.019403f, 0.034933f, 0.558291f, 0.473179f, 0.129036f, 0.871465f, 0.775292f, -0.530759f, -0.342371f, 0.418360f, 0.837642f, -0.351185f, 
	0.091553f, -0.052012f, 0.018955f, 0.300767f, 0.718242f, 0.603794f, 0.274636f, 0.748337f, 0.739176f, -0.544335f, -0.396635f, 0.298415f, 0.792638f, -0.531670f, 
	0.062501f, -0.067799f, -0.000550f, 0.004951f, 0.135912f, -0.825079f, 0.000332f, 0.565018f, 0.244407f, -0.901393f, 0.357430f, 0.509422f, 0.433002f, 0.743639f, 
	0.070581f, -0.065044f, -0.001140f, 0.132662f, 0.205936f, 0.426792f, 0.000045f, 0.904350f, 0.759752f, -0.542437f, -0.358525f, 0.490536f, 0.840097f, -0.231542f, 
	0.075705f, -0.061208f, 0.019403f, 0.034933f, 0.558291f, 0.473179f, 0.129036f, 0.871465f, 0.772690f, -0.535929f, -0.340193f, 0.423146f, 0.834344f, -0.353295f, 
	0.062501f, -0.067799f, -0.000550f, 0.004951f, 0.135912f, -0.825079f, 0.000332f, 0.565018f, 0.244407f, -0.901393f, 0.357430f, 0.509422f, 0.433002f, 0.743639f, 
	0.075705f, -0.061208f, 0.019403f, 0.034933f, 0.558291f, 0.473179f, 0.129036f, 0.871465f, 0.772690f, -0.535929f, -0.340193f, 0.423146f, 0.834344f, -0.353295f, 
	0.069286f, -0.063153f, 0.031537f, -0.172743f, 0.672901f, -0.452656f, 0.836070f, 0.309984f, 0.872235f, 0.487378f, -0.040840f, -0.185225f, 0.251892f, -0.949864f, 
	0.062501f, -0.067799f, -0.000550f, 0.004951f, 0.135912f, -0.825079f, 0.000332f, 0.565018f, -0.137862f, 0.969658f, -0.201886f, -0.547941f, -0.244466f, -0.799998f, 
	0.069286f, -0.063153f, 0.031537f, 0.447839f, -0.186202f, -0.452656f, 0.836070f, 0.309984f, 0.612543f, 0.544188f, -0.573280f, -0.647992f, -0.069620f, -0.758459f, 
	0.073419f, -0.057870f, 0.019403f, 0.403332f, 0.039103f, -0.641468f, 0.129037f, -0.756219f, 0.639476f, 0.634477f, -0.434177f, 0.423779f, -0.762095f, -0.489513f, 
	0.062501f, -0.067799f, -0.000550f, 0.004951f, 0.135912f, -0.825079f, 0.000332f, 0.565018f, -0.137862f, 0.969658f, -0.201886f, -0.547941f, -0.244466f, -0.799998f, 
	0.073419f, -0.057870f, 0.019403f, 0.403332f, 0.039103f, -0.641468f, 0.129037f, -0.756219f, 0.639476f, 0.634477f, -0.434177f, 0.423779f, -0.762095f, -0.489513f, 
	0.067991f, -0.061262f, -0.001140f, 0.107164f, 0.233057f, -0.688898f, 0.000045f, -0.724858f, 0.556551f, 0.640714f, -0.528901f, 0.464403f, -0.767780f, -0.441411f, 
	0.062501f, -0.067799f, -0.000550f, 0.004951f, 0.135912f, -0.825079f, 0.000332f, 0.565018f, -0.208812f, 0.929025f, -0.305467f, -0.525017f, -0.370017f, -0.766449f, 
	0.067991f, -0.061262f, -0.001140f, 0.107164f, 0.233057f, -0.688898f, 0.000045f, -0.724858f, 0.556955f, 0.640046f, -0.529285f, 0.463919f, -0.768336f, -0.440951f, 
	0.073419f, -0.057870f, -0.022599f, -0.037998f, 0.571666f, -0.655334f, -0.128807f, -0.744275f, 0.523166f, 0.633330f, -0.570255f, 0.544824f, -0.763087f, -0.347655f, 
	0.062501f, -0.067799f, -0.000550f, 0.004951f, 0.135912f, -0.825079f, 0.000332f, 0.565018f, -0.208812f, 0.929025f, -0.305467f, -0.525017f, -0.370017f, -0.766449f, 
	0.073419f, -0.057870f, -0.022599f, -0.037998f, 0.571666f, -0.655334f, -0.128807f, -0.744275f, 0.523166f, 0.633330f, -0.570255f, 0.544824f, -0.763087f, -0.347655f, 
	0.069286f, -0.063153f, -0.033817f, -0.241193f, 0.645477f, -0.514899f, -0.781375f, 0.352607f, 0.037239f, -0.431322f, -0.901429f, 0.856442f, -0.451014f, 0.251185f, 
	0.062501f, -0.067799f, -0.000550f, 0.004951f, 0.135912f, -0.825079f, 0.000332f, 0.565018f, 0.190885f, -0.941040f, 0.279297f, 0.531797f, 0.338295f, 0.776369f, 
	0.069286f, -0.063153f, -0.033817f, 0.428935f, -0.266450f, -0.514899f, -0.781375f, 0.352607f, 0.723520f, -0.616721f, -0.310121f, 0.459781f, 0.095437f, 0.882889f, 
	0.075705f, -0.061208f, -0.022599f, 0.420186f, -0.043325f, 0.457029f, -0.128806f, 0.880076f, 0.713984f, -0.536936f, -0.449362f, 0.530425f, 0.833732f, -0.153430f, 
	0.062501f, -0.067799f, -0.000550f, 0.004951f, 0.135912f, -0.825079f, 0.000332f, 0.565018f, 0.190885f, -0.941040f, 0.279297f, 0.531797f, 0.338295f, 0.776369f, 
	0.075705f, -0.061208f, -0.022599f, 0.420186f, -0.043325f, 0.457029f, -0.128806f, 0.880076f, 0.713984f, -0.536936f, -0.449362f, 0.530425f, 0.833732f, -0.153430f, 
	0.070581f, -0.065044f, -0.001140f, 0.132662f, 0.205936f, 0.426792f, 0.000045f, 0.904350f, 0.759621f, -0.542661f, -0.358463f, 0.490739f, 0.839952f, -0.231637f, 
	0.090255f, 0.052944f, -0.002908f, 0.503010f, 0.592524f, 0.515526f, 0.000019f, -0.856874f, 0.722087f, -0.538393f, 0.434422f, -0.461327f, -0.842694f, -0.277570f, 
	0.118631f, 0.036171f, -0.005267f, 0.995049f, 0.324791f, 0.537337f, 0.000024f, -0.843368f, 0.719062f, -0.522564f, 0.458123f, -0.440702f, -0.852600f, -0.280810f, 
	0.117682f, 0.034786f, -0.010909f, 1.047010f, 0.410017f, 0.629487f, -0.398467f, -0.667061f, 0.505303f, -0.442237f, 0.741010f, -0.590267f, -0.803524f, -0.077036f, 
	0.090255f, 0.052944f, -0.002908f, 0.503010f, 0.592524f, 0.515526f, 0.000019f, -0.856874f, 0.722087f, -0.538393f, 0.434422f, -0.461327f, -0.842694f, -0.277570f, 
	0.117682f, 0.034786f, -0.010909f, 1.047010f, 0.410017f, 0.629487f, -0.398467f, -0.667061f, 0.505303f, -0.442237f, 0.741010f, -0.590267f, -0.803524f, -0.077036f, 
	0.089616f, 0.052012f, -0.024772f, 0.700677f, 0.906136f, 0.573842f, -0.278609f, -0.770119f, 0.603739f, -0.491462f, 0.627665f, -0.553357f, -0.825131f, -0.113814f, 
	0.090255f, 0.052944f, -0.002908f, 0.503010f, 0.592524f, 0.515526f, 0.000019f, -0.856874f, 0.721687f, -0.539123f, 0.434181f, -0.461953f, -0.842227f, -0.277946f, 
	0.089616f, 0.052012f, -0.024772f, 0.700677f, 0.906136f, 0.573842f, -0.278609f, -0.770119f, 0.604361f, -0.490535f, 0.627793f, -0.552679f, -0.825683f, -0.113109f, 
	0.073769f, 0.061209f, -0.022599f, 0.420186f, 1.043330f, 0.457027f, -0.128808f, -0.880076f, 0.713545f, -0.537628f, 0.449234f, -0.531018f, -0.833286f, -0.153801f, 
	0.090255f, 0.052944f, -0.002908f, 0.503010f, 0.592524f, 0.515526f, 0.000019f, -0.856874f, 0.721687f, -0.539123f, 0.434181f, -0.461953f, -0.842227f, -0.277946f, 
	0.073769f, 0.061209f, -0.022599f, 0.420186f, 1.043330f, 0.457027f, -0.128808f, -0.880076f, 0.713545f, -0.537628f, 0.449234f, -0.531018f, -0.833286f, -0.153801f, 
	0.068644f, 0.065044f, -0.001140f, 0.132662f, 0.794063f, 0.426791f, 0.000046f, -0.904350f, 0.761003f, -0.540288f, 0.359114f, -0.488594f, -0.841480f, -0.230625f, 
	0.090255f, 0.052944f, -0.002908f, 0.503010f, 0.592524f, 0.515526f, 0.000019f, -0.856874f, 0.720710f, -0.540902f, 0.433593f, -0.463476f, -0.841086f, -0.278863f, 
	0.068644f, 0.065044f, -0.001140f, 0.132662f, 0.794063f, 0.426791f, 0.000046f, -0.904350f, 0.761693f, -0.539098f, 0.359439f, -0.487517f, -0.842243f, -0.230117f, 
	0.073769f, 0.061208f, 0.019403f, 0.034933f, 0.441709f, 0.473178f, 0.129037f, -0.871466f, 0.777316f, -0.526683f, 0.344072f, -0.414588f, -0.840211f, -0.349517f, 
	0.090255f, 0.052944f, -0.002908f, 0.503010f, 0.592524f, 0.515526f, 0.000019f, -0.856874f, 0.720710f, -0.540902f, 0.433593f, -0.463476f, -0.841086f, -0.278863f, 
	0.073769f, 0.061208f, 0.019403f, 0.034933f, 0.441709f, 0.473178f, 0.129037f, -0.871466f, 0.777316f, -0.526683f, 0.344072f, -0.414588f, -0.840211f, -0.349517f, 
	0.089616f, 0.052012f, 0.018955f, 0.300768f, 0.281758f, 0.603792f, 0.274631f, -0.748340f, 0.741711f, -0.537510f, 0.401184f, -0.292063f, -0.797284f, -0.528240f, 
	0.090255f, 0.052944f, -0.002908f, 0.503010f, 0.592524f, 0.515526f, 0.000019f, -0.856874f, 0.721111f, -0.540173f, 0.433835f, -0.462852f, -0.841554f, -0.278487f, 
	0.089616f, 0.052012f, 0.018955f, 0.300768f, 0.281758f, 0.603792f, 0.274631f, -0.748340f, 0.743130f, -0.533605f, 0.403762f, -0.288433f, -0.799902f, -0.526272f, 
	0.117682f, 0.034786f, 0.000376f, 0.939859f, 0.241612f, 0.668734f, 0.390132f, -0.632923f, 0.721661f, -0.545409f, 0.426304f, -0.178887f, -0.741840f, -0.646276f, 
	0.090255f, 0.052944f, -0.002908f, 0.503010f, 0.592524f, 0.515526f, 0.000019f, -0.856874f, 0.721111f, -0.540173f, 0.433835f, -0.462852f, -0.841554f, -0.278487f, 
	0.117682f, 0.034786f, 0.000376f, 0.939859f, 0.241612f, 0.668734f, 0.390132f, -0.632923f, 0.721661f, -0.545409f, 0.426304f, -0.178887f, -0.741840f, -0.646276f, 
	0.118631f, 0.036171f, -0.005267f, 0.995049f, 0.324791f, 0.537337f, 0.000024f, -0.843368f, 0.716960f, -0.526608f, 0.456784f, -0.444113f, -0.850108f, -0.282984f, 
	0.085148f, 0.045487f, -0.002908f, 0.493490f, 0.633092f, -0.612557f, 0.000018f, 0.790426f, 0.736868f, 0.361850f, 0.571043f, -0.286006f, 0.932236f, -0.221667f, 
	0.111045f, 0.025094f, -0.005267f, 0.975703f, 0.404601f, -0.592081f, 0.000024f, 0.805878f, 0.756067f, 0.346138f, 0.555474f, -0.278932f, 0.938184f, -0.204960f, 
	0.111993f, 0.026478f, 0.000376f, 1.008760f, 0.493760f, -0.348358f, 0.390136f, 0.852315f, 0.928413f, 0.268949f, 0.256353f, -0.129216f, 0.880602f, -0.455898f, 
	0.085148f, 0.045487f, -0.002908f, 0.493490f, 0.633092f, -0.612557f, 0.000018f, 0.790426f, 0.736868f, 0.361850f, 0.571043f, -0.286006f, 0.932236f, -0.221667f, 
	0.111993f, 0.026478f, 0.000376f, 1.008760f, 0.493760f, -0.348358f, 0.390136f, 0.852315f, 0.928413f, 0.268949f, 0.256353f, -0.129216f, 0.880602f, -0.455898f, 
	0.085786f, 0.046419f, 0.018955f, 0.619207f, 0.963166f, -0.479450f, 0.274633f, 0.833489f, 0.864074f, 0.313659f, 0.393693f, -0.153310f, 0.908953f, -0.387687f, 
	0.085148f, 0.045487f, -0.002908f, 0.493490f, 0.633092f, -0.612557f, 0.000018f, 0.790426f, 0.736593f, 0.362746f, 0.570829f, -0.286714f, 0.931888f, -0.222216f, 
	0.085786f, 0.046419f, 0.018955f, 0.619207f, 0.963166f, -0.479450f, 0.274633f, 0.833489f, 0.864332f, 0.312121f, 0.394348f, -0.151849f, 0.909482f, -0.387021f, 
	0.071483f, 0.057870f, 0.019403f, 0.346905f, 1.078030f, -0.641468f, 0.129037f, 0.756219f, 0.740284f, 0.362705f, 0.566061f, -0.201242f, 0.922927f, -0.328188f, 
	0.085148f, 0.045487f, -0.002908f, 0.493490f, 0.633092f, -0.612557f, 0.000018f, 0.790426f, 0.736593f, 0.362746f, 0.570829f, -0.286714f, 0.931888f, -0.222216f, 
	0.071483f, 0.057870f, 0.019403f, 0.346905f, 1.078030f, -0.641468f, 0.129037f, 0.756219f, 0.740284f, 0.362705f, 0.566061f, -0.201242f, 0.922927f, -0.328188f, 
	0.066054f, 0.061262f, -0.001140f, 0.130520f, 0.805073f, -0.688898f, 0.000045f, 0.724858f, 0.675349f, 0.363275f, 0.641822f, -0.263294f, 0.931682f, -0.250290f, 
	0.085148f, 0.045487f, -0.002908f, 0.493490f, 0.633092f, -0.612557f, 0.000018f, 0.790426f, 0.736198f, 0.364027f, 0.570523f, -0.287726f, 0.931388f, -0.223001f, 
	0.066054f, 0.061262f, -0.001140f, 0.130520f, 0.805073f, -0.688898f, 0.000045f, 0.724858f, 0.675569f, 0.362494f, 0.642032f, -0.262728f, 0.931986f, -0.249752f, 
	0.071483f, 0.057870f, -0.022599f, 0.099998f, 0.443860f, -0.655335f, -0.128807f, 0.744275f, 0.672486f, 0.349188f, 0.652556f, -0.343946f, 0.928157f, -0.142214f, 
	0.085148f, 0.045487f, -0.002908f, 0.493490f, 0.633092f, -0.612557f, 0.000018f, 0.790426f, 0.736198f, 0.364027f, 0.570523f, -0.287726f, 0.931388f, -0.223001f, 
	0.071483f, 0.057870f, -0.022599f, 0.099998f, 0.443860f, -0.655335f, -0.128807f, 0.744275f, 0.672486f, 0.349188f, 0.652556f, -0.343946f, 0.928157f, -0.142214f, 
	0.085786f, 0.046419f, -0.024772f, 0.363013f, 0.304930f, -0.510584f, -0.278611f, 0.813437f, 0.726081f, 0.367027f, 0.581462f, -0.460555f, 0.887506f, 0.014897f, 
	0.085148f, 0.045487f, -0.002908f, 0.493490f, 0.633092f, -0.612557f, 0.000018f, 0.790426f, 0.736474f, 0.363133f, 0.570737f, -0.287019f, 0.931737f, -0.222453f, 
	0.085786f, 0.046419f, -0.024772f, 0.363013f, 0.304930f, -0.510584f, -0.278611f, 0.813437f, 0.728418f, 0.362500f, 0.581379f, -0.456850f, 0.889365f, 0.017859f, 
	0.111993f, 0.026478f, -0.010909f, 0.939281f, 0.316766f, -0.394375f, -0.398472f, 0.828063f, 0.751778f, 0.378321f, 0.540095f, -0.528487f, 0.835519f, 0.150362f, 
	0.085148f, 0.045487f, -0.002908f, 0.493490f, 0.633092f, -0.612557f, 0.000018f, 0.790426f, 0.736474f, 0.363133f, 0.570737f, -0.287019f, 0.931737f, -0.222453f, 
	0.111993f, 0.026478f, -0.010909f, 0.939281f, 0.316766f, -0.394375f, -0.398472f, 0.828063f, 0.751778f, 0.378321f, 0.540095f, -0.528487f, 0.835519f, 0.150362f, 
	0.111045f, 0.025094f, -0.005267f, 0.975703f, 0.404601f, -0.592081f, 0.000024f, 0.805878f, 0.755240f, 0.348908f, 0.554866f, -0.281164f, 0.937157f, -0.206600f, 
	0.087701f, 0.049215f, -0.032059f, 0.316002f, 0.184206f, 0.236626f, -0.957995f, 0.162027f, 0.707022f, 0.284163f, 0.647589f, -0.666430f, -0.038680f, 0.744564f, 
	0.085786f, 0.046419f, -0.024772f, 0.363013f, 0.304930f, -0.510584f, -0.278611f, 0.813437f, 0.722270f, 0.374310f, 0.581565f, -0.466509f, 0.884459f, 0.010116f, 
	0.071483f, 0.057870f, -0.022599f, 0.099998f, 0.443860f, -0.655335f, -0.128807f, 0.744275f, 0.671082f, 0.352960f, 0.651973f, -0.346678f, 0.926730f, -0.144867f, 
	0.087701f, 0.049215f, -0.032059f, 0.316002f, 0.184206f, 0.236626f, -0.957995f, 0.162027f, 0.707022f, 0.284163f, 0.647589f, -0.666430f, -0.038680f, 0.744564f, 
	0.071483f, 0.057870f, -0.022599f, 0.099998f, 0.443860f, -0.655335f, -0.128807f, 0.744275f, 0.671082f, 0.352960f, 0.651973f, -0.346678f, 0.926730f, -0.144867f, 
	0.067349f, 0.063153f, -0.033817f, -0.066853f, 0.311910f, -0.514902f, -0.781375f, -0.352604f, 0.572431f, -0.619575f, 0.537075f, -0.638122f, 0.074700f, 0.766303f, 
	0.087701f, 0.049215f, -0.032059f, 0.774004f, 1.020670f, 0.236626f, -0.957995f, 0.162027f, 0.545158f, 0.268949f, 0.794021f, -0.804246f, -0.099556f, 0.585899f, 
	0.067349f, 0.063153f, -0.033817f, 0.428936f, 1.266450f, -0.514902f, -0.781375f, -0.352604f, 0.579478f, -0.620366f, 0.528537f, -0.631729f, 0.067818f, 0.772217f, 
	0.073769f, 0.061209f, -0.022599f, 0.420186f, 1.043330f, 0.457027f, -0.128808f, -0.880076f, 0.713302f, -0.538008f, 0.449163f, -0.531344f, -0.833040f, -0.154006f, 
	0.087701f, 0.049215f, -0.032059f, 0.774004f, 1.020670f, 0.236626f, -0.957995f, 0.162027f, 0.545158f, 0.268949f, 0.794021f, -0.804246f, -0.099556f, 0.585899f, 
	0.073769f, 0.061209f, -0.022599f, 0.420186f, 1.043330f, 0.457027f, -0.128808f, -0.880076f, 0.713302f, -0.538008f, 0.449163f, -0.531344f, -0.833040f, -0.154006f, 
	0.089616f, 0.052012f, -0.024772f, 0.700677f, 0.906136f, 0.573842f, -0.278609f, -0.770119f, 0.601997f, -0.494054f, 0.627304f, -0.555253f, -0.823582f, -0.115787f, 
	0.087701f, 0.049215f, -0.032059f, 0.774004f, 1.020670f, 0.236626f, -0.957995f, 0.162027f, 0.385582f, 0.245660f, 0.889369f, -0.891815f, -0.147974f, 0.427515f, 
	0.089616f, 0.052012f, -0.024772f, 0.700677f, 0.906136f, 0.573842f, -0.278609f, -0.770119f, 0.599048f, -0.498409f, 0.626682f, -0.558433f, -0.820954f, -0.119108f, 
	0.117682f, 0.034786f, -0.010909f, 1.047010f, 0.410017f, 0.629487f, -0.398467f, -0.667061f, 0.581767f, -0.327382f, 0.744559f, -0.515065f, -0.856765f, 0.025732f, 
	0.087701f, 0.049215f, -0.032059f, 0.774004f, 1.020670f, 0.236626f, -0.957995f, 0.162027f, 0.385582f, 0.245660f, 0.889369f, -0.891815f, -0.147974f, 0.427515f, 
	0.117682f, 0.034786f, -0.010909f, 1.047010f, 0.410017f, 0.629487f, -0.398467f, -0.667061f, 0.581767f, -0.327382f, 0.744559f, -0.515065f, -0.856765f, 0.025732f, 
	0.114838f, 0.030632f, -0.012790f, 1.114780f, 0.471016f, 0.354901f, -0.902767f, 0.243016f, -0.050531f, 0.241034f, 0.969200f, -0.933537f, -0.356250f, 0.039926f, 
	0.087701f, 0.049215f, -0.032059f, 0.316002f, 0.184206f, 0.236626f, -0.957995f, 0.162027f, 0.810106f, 0.286601f, 0.511457f, -0.536411f, 0.010235f, 0.843895f, 
	0.114838f, 0.030632f, -0.012790f, 0.930377f, 0.230351f, 0.354901f, -0.902767f, 0.243016f, 0.783305f, 0.429032f, 0.449849f, -0.510371f, 0.030704f, 0.859406f, 
	0.111993f, 0.026478f, -0.010909f, 0.939281f, 0.316766f, -0.394375f, -0.398472f, 0.828063f, 0.748436f, 0.383573f, 0.541031f, -0.533209f, 0.833122f, 0.146959f, 
	0.087701f, 0.049215f, -0.032059f, 0.316002f, 0.184206f, 0.236626f, -0.957995f, 0.162027f, 0.810106f, 0.286601f, 0.511457f, -0.536411f, 0.010235f, 0.843895f, 
	0.111993f, 0.026478f, -0.010909f, 0.939281f, 0.316766f, -0.394375f, -0.398472f, 0.828063f, 0.748436f, 0.383573f, 0.541031f, -0.533209f, 0.833122f, 0.146959f, 
	0.085786f, 0.046419f, -0.024772f, 0.363013f, 0.304930f, -0.510584f, -0.278611f, 0.813437f, 0.728595f, 0.362156f, 0.581372f, -0.456568f, 0.889505f, 0.018084f, 
	0.087701f, 0.049215f, 0.026243f, 0.667881f, 1.083240f, 0.331499f, 0.915741f, 0.226995f, 0.934118f, -0.352343f, 0.057255f, 0.132410f, 0.193060f, -0.972212f, 
	0.085786f, 0.046419f, 0.018955f, 0.619207f, 0.963166f, -0.479450f, 0.274633f, 0.833489f, 0.862532f, 0.322543f, 0.389879f, -0.161762f, 0.905838f, -0.391523f, 
	0.111993f, 0.026478f, 0.000376f, 1.008760f, 0.493760f, -0.348358f, 0.390136f, 0.852315f, 0.937255f, 0.131244f, 0.322999f, 0.014152f, 0.911355f, -0.411377f, 
	0.087701f, 0.049215f, 0.026243f, 0.667881f, 1.083240f, 0.331499f, 0.915741f, 0.226995f, 0.934118f, -0.352343f, 0.057255f, 0.132410f, 0.193060f, -0.972212f, 
	0.111993f, 0.026478f, 0.000376f, 1.008760f, 0.493760f, -0.348358f, 0.390136f, 0.852315f, 0.937255f, 0.131244f, 0.322999f, 0.014152f, 0.911355f, -0.411377f, 
	0.114838f, 0.030632f, 0.002256f, 1.065600f, 0.559403f, 0.434711f, 0.849952f, 0.297670f, 0.880853f, -0.332509f, -0.336951f, -0.187414f, 0.408680f, -0.893228f, 
	0.087701f, 0.049215f, 0.026243f, 0.229017f, 0.166214f, 0.331499f, 0.915741f, 0.226995f, 0.761071f, -0.401749f, 0.509283f, 0.557566f, 0.003932f, -0.830123f, 
	0.114838f, 0.030632f, 0.002256f, 0.919332f, 0.152796f, 0.434711f, 0.849952f, 0.297670f, 0.711703f, -0.526768f, 0.464752f, 0.551820f, 0.009819f, -0.833905f, 
	0.117682f, 0.034786f, 0.000376f, 0.939859f, 0.241612f, 0.668734f, 0.390132f, -0.632923f, 0.725049f, -0.530670f, 0.438969f, -0.164617f, -0.752454f, -0.637741f, 
	0.087701f, 0.049215f, 0.026243f, 0.229017f, 0.166214f, 0.331499f, 0.915741f, 0.226995f, 0.761071f, -0.401749f, 0.509283f, 0.557566f, 0.003932f, -0.830123f, 
	0.117682f, 0.034786f, 0.000376f, 0.939859f, 0.241612f, 0.668734f, 0.390132f, -0.632923f, 0.725049f, -0.530670f, 0.438969f, -0.164617f, -0.752454f, -0.637741f, 
	0.089616f, 0.052012f, 0.018955f, 0.300768f, 0.281758f, 0.603792f, 0.274631f, -0.748340f, 0.742791f, -0.534544f, 0.403144f, -0.289305f, -0.799275f, -0.526746f, 
	0.087701f, 0.049215f, 0.026243f, 0.229017f, 0.166214f, 0.331499f, 0.915741f, 0.226994f, 0.836995f, -0.396481f, 0.377151f, 0.435372f, 0.064968f, -0.897904f, 
	0.089616f, 0.052012f, 0.018955f, 0.300768f, 0.281758f, 0.603792f, 0.274631f, -0.748340f, 0.739177f, -0.544331f, 0.396637f, -0.298416f, -0.792642f, -0.531663f, 
	0.073769f, 0.061208f, 0.019403f, 0.034933f, 0.441709f, 0.473178f, 0.129037f, -0.871466f, 0.775293f, -0.530758f, 0.342370f, -0.418359f, -0.837643f, -0.351184f, 
	0.087701f, 0.049215f, 0.026243f, 0.229017f, 0.166214f, 0.331499f, 0.915741f, 0.226994f, 0.836995f, -0.396481f, 0.377151f, 0.435372f, 0.064968f, -0.897904f, 
	0.073769f, 0.061208f, 0.019403f, 0.034933f, 0.441709f, 0.473178f, 0.129037f, -0.871466f, 0.775293f, -0.530758f, 0.342370f, -0.418359f, -0.837643f, -0.351184f, 
	0.067349f, 0.063153f, 0.031537f, -0.172743f, 0.327099f, -0.452656f, 0.836070f, -0.309983f, 0.778517f, 0.540054f, 0.319769f, 0.434757f, -0.096581f, -0.895354f, 
	0.087701f, 0.049215f, 0.026243f, 0.667881f, 1.083240f, 0.331499f, 0.915741f, 0.226995f, 0.891523f, -0.382773f, 0.242220f, 0.308699f, 0.122075f, -0.943294f, 
	0.067349f, 0.063153f, 0.031537f, 0.318585f, 1.302210f, -0.452656f, 0.836070f, -0.309983f, 0.744571f, 0.545679f, 0.384511f, 0.490629f, -0.056753f, -0.869518f, 
	0.071483f, 0.057870f, 0.019403f, 0.346905f, 1.078030f, -0.641468f, 0.129037f, 0.756219f, 0.740253f, 0.362846f, 0.566011f, -0.201355f, 0.922872f, -0.328275f, 
	0.087701f, 0.049215f, 0.026243f, 0.667881f, 1.083240f, 0.331499f, 0.915741f, 0.226995f, 0.891523f, -0.382773f, 0.242220f, 0.308699f, 0.122075f, -0.943294f, 
	0.071483f, 0.057870f, 0.019403f, 0.346905f, 1.078030f, -0.641468f, 0.129037f, 0.756219f, 0.740253f, 0.362846f, 0.566011f, -0.201355f, 0.922872f, -0.328275f, 
	0.085786f, 0.046419f, 0.018955f, 0.619207f, 0.963166f, -0.479450f, 0.274633f, 0.833489f, 0.863651f, 0.316148f, 0.392630f, -0.155677f, 0.908090f, -0.388764f, 
	0.060565f, 0.067799f, -0.000550f, 0.004951f, 0.864088f, -0.825080f, 0.000332f, -0.565016f, -0.295247f, 0.852358f, 0.431643f, 0.481739f, 0.522959f, -0.703165f, 
	0.066054f, 0.061262f, -0.001140f, 0.130520f, 0.805073f, -0.688898f, 0.000045f, 0.724858f, 0.674979f, 0.364581f, 0.641471f, -0.264241f, 0.931172f, -0.251189f, 
	0.071483f, 0.057870f, 0.019403f, 0.346905f, 1.078030f, -0.641468f, 0.129037f, 0.756219f, 0.740360f, 0.362356f, 0.566185f, -0.200961f, 0.923064f, -0.327974f, 
	0.060565f, 0.067799f, -0.000550f, 0.004951f, 0.864088f, -0.825080f, 0.000332f, -0.565016f, -0.295247f, 0.852358f, 0.431643f, 0.481739f, 0.522959f, -0.703165f, 
	0.071483f, 0.057870f, 0.019403f, 0.346905f, 1.078030f, -0.641468f, 0.129037f, 0.756219f, 0.740360f, 0.362356f, 0.566185f, -0.200961f, 0.923064f, -0.327974f, 
	0.067349f, 0.063153f, 0.031537f, 0.318585f, 1.302210f, -0.452656f, 0.836070f, -0.309983f, 0.578574f, 0.539910f, 0.611351f, 0.678495f, 0.097384f, -0.728122f, 
	0.060565f, 0.067799f, -0.000550f, 0.004951f, 0.864088f, -0.825080f, 0.000332f, -0.565016f, 0.244404f, -0.901395f, -0.357427f, -0.509422f, -0.432998f, 0.743641f, 
	0.067349f, 0.063153f, 0.031537f, -0.172743f, 0.327099f, -0.452656f, 0.836070f, -0.309983f, 0.872235f, 0.487379f, 0.040843f, 0.185227f, -0.251890f, -0.949865f, 
	0.073769f, 0.061208f, 0.019403f, 0.034933f, 0.441709f, 0.473178f, 0.129037f, -0.871466f, 0.772691f, -0.535927f, 0.340192f, -0.423145f, -0.834345f, -0.353295f, 
	0.060565f, 0.067799f, -0.000550f, 0.004951f, 0.864088f, -0.825080f, 0.000332f, -0.565016f, 0.244404f, -0.901395f, -0.357427f, -0.509422f, -0.432998f, 0.743641f, 
	0.073769f, 0.061208f, 0.019403f, 0.034933f, 0.441709f, 0.473178f, 0.129037f, -0.871466f, 0.772691f, -0.535927f, 0.340192f, -0.423145f, -0.834345f, -0.353295f, 
	0.068644f, 0.065044f, -0.001140f, 0.132662f, 0.794063f, 0.426791f, 0.000046f, -0.904350f, 0.759750f, -0.542440f, 0.358522f, -0.490540f, -0.840094f, -0.231543f, 
	0.060565f, 0.067799f, -0.000550f, 0.004951f, 0.864088f, -0.825080f, 0.000332f, -0.565016f, 0.190882f, -0.941042f, -0.279294f, -0.531797f, -0.338291f, 0.776371f, 
	0.068644f, 0.065044f, -0.001140f, 0.132662f, 0.794063f, 0.426791f, 0.000046f, -0.904350f, 0.759624f, -0.542657f, 0.358463f, -0.490736f, -0.839954f, -0.231636f, 
	0.073769f, 0.061209f, -0.022599f, 0.420186f, 1.043330f, 0.457027f, -0.128808f, -0.880076f, 0.714004f, -0.536906f, 0.449367f, -0.530400f, -0.833751f, -0.153412f, 
	0.060565f, 0.067799f, -0.000550f, 0.004951f, 0.864088f, -0.825080f, 0.000332f, -0.565016f, 0.190882f, -0.941042f, -0.279294f, -0.531797f, -0.338291f, 0.776371f, 
	0.073769f, 0.061209f, -0.022599f, 0.420186f, 1.043330f, 0.457027f, -0.128808f, -0.880076f, 0.714004f, -0.536906f, 0.449367f, -0.530400f, -0.833751f, -0.153412f, 
	0.067349f, 0.063153f, -0.033817f, 0.428936f, 1.266450f, -0.514902f, -0.781375f, -0.352604f, 0.723523f, -0.616721f, 0.310111f, -0.459772f, -0.095440f, 0.882894f, 
	0.060565f, 0.067799f, -0.000550f, 0.004951f, 0.864088f, -0.825080f, 0.000332f, -0.565016f, -0.345103f, 0.791500f, 0.504412f, 0.447378f, 0.611169f, -0.652936f, 
	0.067349f, 0.063153f, -0.033817f, -0.066853f, 0.311910f, -0.514902f, -0.781375f, -0.352604f, 0.355900f, -0.569046f, 0.741298f, -0.779879f, 0.256204f, 0.571094f, 
	0.071483f, 0.057870f, -0.022599f, 0.099998f, 0.443860f, -0.655335f, -0.128807f, 0.744275f, 0.668688f, 0.359309f, 0.650963f, -0.351274f, 0.924287f, -0.149336f, 
	0.060565f, 0.067799f, -0.000550f, 0.004951f, 0.864088f, -0.825080f, 0.000332f, -0.565016f, -0.345103f, 0.791500f, 0.504412f, 0.447378f, 0.611169f, -0.652936f, 
	0.071483f, 0.057870f, -0.022599f, 0.099998f, 0.443860f, -0.655335f, -0.128807f, 0.744275f, 0.668688f, 0.359309f, 0.650963f, -0.351274f, 0.924287f, -0.149336f, 
	0.066054f, 0.061262f, -0.001140f, 0.130520f, 0.805073f, -0.688898f, 0.000045f, 0.724858f, 0.675082f, 0.364219f, 0.641568f, -0.263978f, 0.931314f, -0.250940f, 
	-0.105035f, -0.020474f, -0.135827f, 0.821268f, 0.345783f, -0.040531f, -0.812849f, 0.581063f, -0.179202f, -0.566198f, -0.804554f, 0.982977f, -0.136737f, -0.122716f, 
	-0.028172f, -0.019878f, -0.134456f, 0.794440f, 0.481627f, 0.064520f, -0.877129f, 0.475901f, -0.226354f, -0.477328f, -0.849071f, 0.971906f, -0.052940f, -0.229339f, 
	-0.000603f, -0.034708f, -0.119057f, 0.746831f, 0.522648f, 0.050814f, -0.579454f, 0.813419f, -0.189517f, -0.805267f, -0.561808f, 0.980562f, -0.125609f, -0.150735f, 
	-0.105035f, -0.020474f, -0.135827f, 0.821268f, 0.345783f, -0.040531f, -0.812849f, 0.581063f, -0.179202f, -0.566198f, -0.804554f, 0.982977f, -0.136737f, -0.122716f, 
	-0.000603f, -0.034708f, -0.119057f, 0.746831f, 0.522648f, 0.050814f, -0.579454f, 0.813419f, -0.189517f, -0.805267f, -0.561808f, 0.980562f, -0.125609f, -0.150735f, 
