int asset_ocean_vert_size_bytes = 56;
int asset_ocean_num_verts = 6144;
int asset_ocean_uv_offset_bytes = 12;
int asset_ocean_normal_offset_bytes = 20;
int asset_ocean_tangent_offset_bytes = 32;
int asset_ocean_bitangent_offset_bytes = 44;
float asset_ocean[] = {
	-80.504402f, -114.928001f, 41.215637f, -4.708590f, -5.350440f, 0.514073f, 0.803690f, -0.299686f, 0.812568f, -0.568201f, -0.129928f, -0.274703f, -0.176722f, -0.945149f, 
	-85.888298f, -117.217003f, 45.178535f, -5.058240f, -5.417850f, 0.423376f, 0.827170f, -0.369515f, 0.845394f, -0.507341f, -0.167077f, -0.325671f, -0.241649f, -0.914081f, 
	-81.697701f, -123.447998f, 45.770538f, -4.902520f, -5.792360f, 0.464697f, 0.797720f, -0.384317f, 0.842229f, -0.532176f, -0.086249f, -0.273327f, -0.283604f, -0.919164f, 
	-80.504402f, -114.928001f, 41.215637f, -4.708590f, -5.350440f, 0.514073f, 0.803690f, -0.299686f, 0.812568f, -0.568201f, -0.129928f, -0.274703f, -0.176722f, -0.945149f, 
	-81.697701f, -123.447998f, 45.770538f, -4.902520f, -5.792360f, 0.464697f, 0.797720f, -0.384317f, 0.842229f, -0.532176f, -0.086249f, -0.273327f, -0.283604f, -0.919164f, 
	-77.932098f, -121.399002f, 41.885635f, -4.632810f, -5.688320f, 0.556298f, 0.773209f, -0.304436f, 0.806829f, -0.590263f, -0.024831f, -0.198897f, -0.231814f, -0.952209f, 
	-80.504402f, -114.928001f, 41.215637f, -4.708590f, -5.350440f, 0.514073f, 0.803690f, -0.299686f, 0.782606f, -0.582486f, -0.219634f, -0.351080f, -0.121628f, -0.928412f, 
	-77.932098f, -121.399002f, 41.885635f, -4.632810f, -5.688320f, 0.556298f, 0.773209f, -0.304436f, 0.771315f, -0.616772f, -0.157053f, -0.309202f, -0.147448f, -0.939496f, 
	-74.115097f, -118.564003f, 37.380436f, -4.363100f, -5.584270f, 0.629751f, 0.745020f, -0.219907f, 0.742573f, -0.660483f, -0.111122f, -0.228033f, -0.093317f, -0.969171f, 
	-80.504402f, -114.928001f, 41.215637f, -4.708590f, -5.350440f, 0.514073f, 0.803690f, -0.299686f, 0.782606f, -0.582486f, -0.219634f, -0.351080f, -0.121628f, -0.928412f, 
	-74.115097f, -118.564003f, 37.380436f, -4.363100f, -5.584270f, 0.629751f, 0.745020f, -0.219907f, 0.742573f, -0.660483f, -0.111122f, -0.228033f, -0.093317f, -0.969171f, 
	-75.234001f, -112.043999f, 36.547138f, -4.358940f, -5.283030f, 0.599834f, 0.767929f, -0.224688f, 0.745782f, -0.638322f, -0.190667f, -0.289842f, -0.053200f, -0.955595f, 
	-80.504402f, -114.928001f, 41.215637f, -4.708590f, -5.350440f, 0.514073f, 0.803690f, -0.299686f, 0.784197f, -0.581925f, -0.215402f, -0.347511f, -0.124280f, -0.929403f, 
	-75.234001f, -112.043999f, 36.547138f, -4.358940f, -5.283030f, 0.599834f, 0.767929f, -0.224688f, 0.747174f, -0.638058f, -0.186046f, -0.286234f, -0.056285f, -0.956505f, 
	-76.352402f, -105.372002f, 35.516136f, -4.354790f, -4.981800f, 0.539770f, 0.806065f, -0.242710f, 0.768220f, -0.589558f, -0.249517f, -0.344219f, -0.051772f, -0.937461f, 
	-80.504402f, -114.928001f, 41.215637f, -4.708590f, -5.350440f, 0.514073f, 0.803690f, -0.299686f, 0.784197f, -0.581925f, -0.215402f, -0.347511f, -0.124280f, -0.929403f, 
	-76.352402f, -105.372002f, 35.516136f, -4.354790f, -4.981800f, 0.539770f, 0.806065f, -0.242710f, 0.768220f, -0.589558f, -0.249517f, -0.344219f, -0.051772f, -0.937461f, 
	-82.983803f, -108.273003f, 40.282337f, -4.784380f, -5.012570f, 0.433168f, 0.849069f, -0.302403f, 0.812184f, -0.513182f, -0.277493f, -0.390798f, -0.125405f, -0.911894f, 
	-80.504402f, -114.928001f, 41.215637f, -4.708590f, -5.350440f, 0.514073f, 0.803690f, -0.299686f, 0.814073f, -0.567216f, -0.124705f, -0.270211f, -0.179858f, -0.945853f, 
	-82.983803f, -108.273003f, 40.282337f, -4.784380f, -5.012570f, 0.433168f, 0.849069f, -0.302403f, 0.839495f, -0.502187f, -0.207500f, -0.328045f, -0.163983f, -0.930321f, 
	-89.916000f, -110.717003f, 44.259735f, -5.213970f, -5.043340f, 0.344613f, 0.868592f, -0.356076f, 0.866850f, -0.440021f, -0.234419f, -0.360295f, -0.227881f, -0.904576f, 
	-80.504402f, -114.928001f, 41.215637f, -4.708590f, -5.350440f, 0.514073f, 0.803690f, -0.299686f, 0.814073f, -0.567216f, -0.124705f, -0.270211f, -0.179858f, -0.945853f, 
	-89.916000f, -110.717003f, 44.259735f, -5.213970f, -5.043340f, 0.344613f, 0.868592f, -0.356076f, 0.866850f, -0.440021f, -0.234419f, -0.360295f, -0.227881f, -0.904576f, 
	-85.888298f, -117.217003f, 45.178535f, -5.058240f, -5.417850f, 0.423377f, 0.827170f, -0.369515f, 0.847564f, -0.505705f, -0.160928f, -0.319981f, -0.245054f, -0.915183f, 
	-85.277298f, -101.249001f, 38.822235f, -4.860160f, -4.674700f, 0.361191f, 0.872597f, -0.328809f, 0.825103f, -0.463350f, -0.323282f, -0.434449f, -0.154535f, -0.887341f, 
	-82.983803f, -108.273003f, 40.282337f, -4.784380f, -5.012570f, 0.433168f, 0.849069f, -0.302403f, 0.813550f, -0.512739f, -0.274291f, -0.387945f, -0.127205f, -0.912862f, 
	-76.352402f, -105.372002f, 35.516136f, -4.354790f, -4.981800f, 0.539770f, 0.806065f, -0.242710f, 0.769482f, -0.589364f, -0.246065f, -0.341388f, -0.053942f, -0.938373f, 
	-85.277298f, -101.249001f, 38.822235f, -4.860160f, -4.674700f, 0.361191f, 0.872597f, -0.328809f, 0.825103f, -0.463350f, -0.323282f, -0.434449f, -0.154535f, -0.887341f, 
	-76.352402f, -105.372002f, 35.516136f, -4.354790f, -4.981800f, 0.539770f, 0.806065f, -0.242710f, 0.769482f, -0.589364f, -0.246065f, -0.341388f, -0.053942f, -0.938373f, 
	-77.469803f, -98.396301f, 34.089737f, -4.350630f, -4.680560f, 0.478590f, 0.833260f, -0.276821f, 0.783015f, -0.547682f, -0.294842f, -0.397290f, -0.075646f, -0.914570f, 
	-85.277298f, -101.249001f, 38.822235f, -4.860160f, -4.674700f, 0.361191f, 0.872597f, -0.328809f, 0.824717f, -0.463487f, -0.324071f, -0.435182f, -0.154123f, -0.887053f, 
	-77.469803f, -98.396301f, 34.089737f, -4.350630f, -4.680560f, 0.478590f, 0.833260f, -0.276821f, 0.782644f, -0.547752f, -0.295696f, -0.398021f, -0.075135f, -0.914294f, 
	-78.585602f, -90.965302f, 32.070236f, -4.346470f, -4.379320f, 0.411209f, 0.852482f, -0.322773f, 0.790919f, -0.509712f, -0.338587f, -0.453160f, -0.116058f, -0.883842f, 
	-85.277298f, -101.249001f, 38.822235f, -4.860160f, -4.674700f, 0.361191f, 0.872597f, -0.328809f, 0.824717f, -0.463487f, -0.324071f, -0.435182f, -0.154123f, -0.887053f, 
	-78.585602f, -90.965302f, 32.070236f, -4.346470f, -4.379320f, 0.411209f, 0.852482f, -0.322773f, 0.790919f, -0.509712f, -0.338587f, -0.453160f, -0.116058f, -0.883842f, 
	-87.292099f, -93.671600f, 36.572136f, -4.935940f, -4.336820f, 0.295285f, 0.879857f, -0.372370f, 0.824840f, -0.431449f, -0.365363f, -0.482126f, -0.199259f, -0.853141f, 
	-85.277298f, -101.249001f, 38.822235f, -4.860160f, -4.674700f, 0.361191f, 0.872597f, -0.328809f, 0.856002f, -0.450129f, -0.254253f, -0.369867f, -0.189628f, -0.909527f, 
	-87.292099f, -93.671600f, 36.572136f, -4.935940f, -4.336820f, 0.295285f, 0.879857f, -0.372370f, 0.861756f, -0.413567f, -0.293836f, -0.412534f, -0.234126f, -0.880341f, 
	-96.746300f, -95.985497f, 40.216637f, -5.525420f, -4.294320f, 0.220278f, 0.887147f, -0.405521f, 0.878178f, -0.361328f, -0.313441f, -0.424594f, -0.287076f, -0.858666f, 
	-85.277298f, -101.249001f, 38.822235f, -4.860160f, -4.674700f, 0.361191f, 0.872597f, -0.328809f, 0.856002f, -0.450129f, -0.254253f, -0.369867f, -0.189628f, -0.909527f, 
	-96.746300f, -95.985497f, 40.216637f, -5.525420f, -4.294320f, 0.220278f, 0.887147f, -0.405521f, 0.878178f, -0.361328f, -0.313441f, -0.424594f, -0.287076f, -0.858666f, 
	-93.618103f, -103.681000f, 42.687336f, -5.369690f, -4.668830f, 0.276723f, 0.886342f, -0.371243f, 0.878138f, -0.390136f, -0.276889f, -0.390254f, -0.249381f, -0.886291f, 
	-85.277298f, -101.249001f, 38.822235f, -4.860160f, -4.674700f, 0.361191f, 0.872597f, -0.328809f, 0.856373f, -0.449938f, -0.253339f, -0.369007f, -0.190080f, -0.909782f, 
	-93.618103f, -103.681000f, 42.687336f, -5.369690f, -4.668830f, 0.276723f, 0.886342f, -0.371243f, 0.878514f, -0.389895f, -0.276034f, -0.389406f, -0.249757f, -0.886557f, 
	-89.916000f, -110.717003f, 44.259735f, -5.213970f, -5.043340f, 0.344613f, 0.868592f, -0.356076f, 0.868659f, -0.438865f, -0.229848f, -0.355913f, -0.230100f, -0.905748f, 
	-85.277298f, -101.249001f, 38.822235f, -4.860160f, -4.674700f, 0.361191f, 0.872597f, -0.328809f, 0.856373f, -0.449938f, -0.253339f, -0.369007f, -0.190080f, -0.909782f, 
	-89.916000f, -110.717003f, 44.259735f, -5.213970f, -5.043340f, 0.344613f, 0.868592f, -0.356076f, 0.868659f, -0.438865f, -0.229848f, -0.355913f, -0.230100f, -0.905748f, 
	-82.983803f, -108.273003f, 40.282337f, -4.784380f, -5.012570f, 0.433168f, 0.849069f, -0.302403f, 0.840815f, -0.501519f, -0.203735f, -0.324646f, -0.166013f, -0.931152f, 
	-102.314003f, -105.834000f, 45.973938f, -5.879220f, -4.662970f, 0.223808f, 0.884817f, -0.408667f, 0.908458f, -0.341257f, -0.241345f, -0.353007f, -0.317242f, -0.880195f, 
	-93.618103f, -103.681000f, 42.687336f, -5.369690f, -4.668830f, 0.276723f, 0.886342f, -0.371243f, 0.898485f, -0.375661f, -0.227163f, -0.340805f, -0.270695f, -0.900320f, 
	-96.746300f, -95.985497f, 40.216637f, -5.525420f, -4.294320f, 0.220278f, 0.887147f, -0.405521f, 0.900883f, -0.344434f, -0.264149f, -0.374014f, -0.307141f, -0.875087f, 
	-102.314003f, -105.834000f, 45.973938f, -5.879220f, -4.662970f, 0.223808f, 0.884817f, -0.408667f, 0.908458f, -0.341257f, -0.241345f, -0.353007f, -0.317242f, -0.880195f, 
	-96.746300f, -95.985497f, 40.216637f, -5.525420f, -4.294320f, 0.220278f, 0.887147f, -0.405521f, 0.900883f, -0.344434f, -0.264149f, -0.374014f, -0.307141f, -0.875087f, 
	-106.698997f, -98.037598f, 43.289536f, -6.114890f, -4.251830f, 0.177075f, 0.885039f, -0.430524f, 0.908162f, -0.315527f, -0.275109f, -0.379324f, -0.342271f, -0.859630f, 
	-102.314003f, -105.834000f, 45.973938f, -5.879220f, -4.662970f, 0.223808f, 0.884817f, -0.408667f, 0.918366f, -0.331861f, -0.215576f, -0.326366f, -0.327058f, -0.886859f, 
	-106.698997f, -98.037598f, 43.289536f, -6.114890f, -4.251830f, 0.177075f, 0.885039f, -0.430524f, 0.918708f, -0.305540f, -0.250241f, -0.353016f, -0.351215f, -0.867196f, 
	-116.901001f, -99.959000f, 46.076637f, -6.704360f, -4.209330f, 0.162287f, 0.882237f, -0.441952f, 0.921090f, -0.296090f, -0.252834f, -0.353916f, -0.366046f, -0.860671f, 
	-102.314003f, -105.834000f, 45.973938f, -5.879220f, -4.662970f, 0.223808f, 0.884817f, -0.408667f, 0.918366f, -0.331861f, -0.215576f, -0.326366f, -0.327058f, -0.886859f, 
	-116.901001f, -99.959000f, 46.076637f, -6.704360f, -4.209330f, 0.162287f, 0.882237f, -0.441952f, 0.921090f, -0.296090f, -0.252834f, -0.353916f, -0.366046f, -0.860671f, 
	-111.188004f, -107.846001f, 48.971436f, -6.388760f, -4.657110f, 0.204615f, 0.880818f, -0.426958f, 0.921195f, -0.320760f, -0.220257f, -0.330957f, -0.348244f, -0.877037f, 
	-102.314003f, -105.834000f, 45.973938f, -5.879220f, -4.662970f, 0.223808f, 0.884817f, -0.408667f, 0.918770f, -0.331455f, -0.214475f, -0.325226f, -0.327470f, -0.887126f, 
	-111.188004f, -107.846001f, 48.971436f, -6.388760f, -4.657110f, 0.204615f, 0.880818f, -0.426958f, 0.921661f, -0.320268f, -0.219020f, -0.329658f, -0.348696f, -0.877347f, 
	-104.424004f, -114.603996f, 50.762836f, -6.073150f, -5.104890f, 0.261275f, 0.864520f, -0.429349f, 0.919791f, -0.357897f, -0.160920f, -0.292781f, -0.352867f, -0.888687f, 
	-102.314003f, -105.834000f, 45.973938f, -5.879220f, -4.662970f, 0.223808f, 0.884817f, -0.408667f, 0.918770f, -0.331455f, -0.214475f, -0.325226f, -0.327470f, -0.887126f, 
	-104.424004f, -114.603996f, 50.762836f, -6.073150f, -5.104890f, 0.261275f, 0.864520f, -0.429349f, 0.919791f, -0.357897f, -0.160920f, -0.292781f, -0.352867f, -0.888687f, 
	-97.105698f, -112.760002f, 47.656437f, -5.643560f, -5.074120f, 0.284049f, 0.869155f, -0.404829f, 0.916446f, -0.370229f, -0.151844f, -0.281855f, -0.327873f, -0.901697f, 
	-102.314003f, -105.834000f, 45.973938f, -5.879220f, -4.662970f, 0.223808f, 0.884817f, -0.408667f, 0.908877f, -0.340879f, -0.240298f, -0.351926f, -0.317647f, -0.880482f, 
	-97.105698f, -112.760002f, 47.656437f, -5.643560f, -5.074120f, 0.284049f, 0.869155f, -0.404829f, 0.905387f, -0.382110f, -0.185111f, -0.315579f, -0.313946f, -0.895459f, 
	-89.916000f, -110.717003f, 44.259735f, -5.213970f, -5.043340f, 0.344613f, 0.868592f, -0.356076f, 0.891711f, -0.421443f, -0.165039f, -0.293417f, -0.260642f, -0.919767f, 
	-102.314003f, -105.834000f, 45.973938f, -5.879220f, -4.662970f, 0.223808f, 0.884817f, -0.408667f, 0.908877f, -0.340879f, -0.240298f, -0.351926f, -0.317647f, -0.880482f, 
	-89.916000f, -110.717003f, 44.259735f, -5.213970f, -5.043340f, 0.344613f, 0.868592f, -0.356076f, 0.891711f, -0.421443f, -0.165039f, -0.293417f, -0.260642f, -0.919767f, 
	-93.618103f, -103.681000f, 42.687336f, -5.369690f, -4.668830f, 0.276723f, 0.886342f, -0.371243f, 0.898844f, -0.375375f, -0.226213f, -0.339858f, -0.271091f, -0.900559f, 
	-91.575699f, -118.724998f, 48.451435f, -5.407890f, -5.485260f, 0.353062f, 0.833186f, -0.425615f, 0.918316f, -0.395643f, -0.012740f, -0.179007f, -0.386351f, -0.904815f, 
	-97.105698f, -112.760002f, 47.656437f, -5.643560f, -5.074120f, 0.284049f, 0.869155f, -0.404829f, 0.913735f, -0.373319f, -0.160379f, -0.290524f, -0.324351f, -0.900218f, 
	-104.424004f, -114.603996f, 50.762836f, -6.073150f, -5.104890f, 0.261275f, 0.864520f, -0.429349f, 0.915703f, -0.362686f, -0.173051f, -0.305325f, -0.347942f, -0.886404f, 
	-91.575699f, -118.724998f, 48.451435f, -5.407890f, -5.485260f, 0.353062f, 0.833186f, -0.425615f, 0.918316f, -0.395643f, -0.012740f, -0.179007f, -0.386351f, -0.904815f, 
	-104.424004f, -114.603996f, 50.762836f, -6.073150f, -5.104890f, 0.261275f, 0.864520f, -0.429349f, 0.915703f, -0.362686f, -0.173051f, -0.305325f, -0.347942f, -0.886404f, 
	-97.414803f, -119.843002f, 51.379436f, -5.757540f, -5.552670f, 0.325377f, 0.830970f, -0.451242f, 0.922395f, -0.383963f, -0.041963f, -0.208130f, -0.402570f, -0.891414f, 
	-91.575699f, -118.724998f, 48.451435f, -5.407890f, -5.485260f, 0.353062f, 0.833186f, -0.425615f, 0.915930f, -0.400594f, -0.024411f, -0.190838f, -0.381215f, -0.904575f, 
	-97.414803f, -119.843002f, 51.379436f, -5.757540f, -5.552670f, 0.325377f, 0.830970f, -0.451242f, 0.911668f, -0.402344f, -0.083547f, -0.250980f, -0.384199f, -0.888482f, 
	-90.966301f, -123.174004f, 50.749836f, -5.441930f, -6.000450f, 0.357499f, 0.808863f, -0.466834f, 0.931435f, -0.272418f, 0.241282f, 0.067991f, -0.521084f, -0.850793f, 
	-91.575699f, -118.724998f, 48.451435f, -5.407890f, -5.485260f, 0.353062f, 0.833186f, -0.425615f, 0.915930f, -0.400594f, -0.024411f, -0.190838f, -0.381215f, -0.904575f, 
	-90.966301f, -123.174004f, 50.749836f, -5.441930f, -6.000450f, 0.357499f, 0.808863f, -0.466834f, 0.931435f, -0.272418f, 0.241282f, 0.067991f, -0.521084f, -0.850793f, 
	-85.884903f, -124.208000f, 48.802738f, -5.172220f, -5.896410f, 0.388399f, 0.808122f, -0.442815f, 0.907933f, -0.253474f, 0.333780f, 0.157493f, -0.531686f, -0.832170f, 
	-91.575699f, -118.724998f, 48.451435f, -5.407890f, -5.485260f, 0.353062f, 0.833186f, -0.425615f, 0.900453f, -0.426119f, -0.087217f, -0.254031f, -0.352453f, -0.900691f, 
	-85.884903f, -124.208000f, 48.802738f, -5.172220f, -5.896410f, 0.388399f, 0.808122f, -0.442815f, 0.912960f, -0.402700f, 0.065856f, -0.125102f, -0.429850f, -0.894191f, 
	-81.697701f, -123.447998f, 45.770538f, -4.902520f, -5.792360f, 0.464697f, 0.797720f, -0.384317f, 0.883866f, -0.443998f, 0.147127f, -0.053270f, -0.408054f, -0.911402f, 
	-91.575699f, -118.724998f, 48.451435f, -5.407890f, -5.485260f, 0.353062f, 0.833186f, -0.425615f, 0.900453f, -0.426119f, -0.087217f, -0.254031f, -0.352453f, -0.900691f, 
	-81.697701f, -123.447998f, 45.770538f, -4.902520f, -5.792360f, 0.464697f, 0.797720f, -0.384317f, 0.883866f, -0.443998f, 0.147127f, -0.053270f, -0.408054f, -0.911402f, 
	-85.888298f, -117.217003f, 45.178535f, -5.058240f, -5.417850f, 0.423377f, 0.827170f, -0.369515f, 0.881903f, -0.469655f, -0.040886f, -0.207364f, -0.308566f, -0.928325f, 
	-91.575699f, -118.724998f, 48.451435f, -5.407890f, -5.485260f, 0.353062f, 0.833186f, -0.425615f, 0.903512f, -0.421748f, -0.076124f, -0.242927f, -0.357672f, -0.901697f, 
	-85.888298f, -117.217003f, 45.178535f, -5.058240f, -5.417850f, 0.423377f, 0.827170f, -0.369515f, 0.883533f, -0.467172f, -0.033459f, -0.200303f, -0.312313f, -0.928622f, 
	-89.916000f, -110.717003f, 44.259735f, -5.213970f, -5.043340f, 0.344613f, 0.868592f, -0.356076f, 0.890058f, -0.422892f, -0.170173f, -0.298393f, -0.258284f, -0.918831f, 
	-91.575699f, -118.724998f, 48.451435f, -5.407890f, -5.485260f, 0.353062f, 0.833186f, -0.425615f, 0.903512f, -0.421748f, -0.076124f, -0.242927f, -0.357672f, -0.901697f, 
	-89.916000f, -110.717003f, 44.259735f, -5.213970f, -5.043340f, 0.344613f, 0.868592f, -0.356076f, 0.890058f, -0.422892f, -0.170173f, -0.298393f, -0.258284f, -0.918831f, 
	-97.105698f, -112.760002f, 47.656437f, -5.643560f, -5.074120f, 0.284049f, 0.869155f, -0.404829f, 0.902450f, -0.384978f, -0.193329f, -0.323882f, -0.310423f, -0.893721f, 
	9.419260f, -99.495598f, 20.451036f, 0.980136f, -5.661890f, -0.201261f, 0.943499f, -0.263255f, 0.963537f, 0.142313f, -0.226589f, -0.176322f, -0.299260f, -0.937739f, 
	3.621880f, -99.092102f, 18.965237f, 0.650897f, -5.547520f, -0.230416f, 0.903292f, -0.361900f, 0.962178f, 0.155945f, -0.223370f, -0.145332f, -0.399680f, -0.905060f, 
	2.382380f, -106.152000f, 21.543636f, 0.568371f, -6.007140f, -0.173194f, 0.917280f, -0.358611f, 0.976632f, 0.112905f, -0.182875f, -0.127259f, -0.381904f, -0.915399f, 
	9.419260f, -99.495598f, 20.451036f, 0.980136f, -5.661890f, -0.201261f, 0.943499f, -0.263255f, 0.963537f, 0.142313f, -0.226589f, -0.176322f, -0.299260f, -0.937739f, 
	2.382380f, -106.152000f, 21.543636f, 0.568371f, -6.007140f, -0.173194f, 0.917280f, -0.358611f, 0.976632f, 0.112905f, -0.182875f, -0.127259f, -0.381904f, -0.915399f, 
	8.619590f, -106.249001f, 22.114437f, 0.908099f, -6.076530f, -0.140131f, 0.957211f, -0.253199f, 0.979924f, 0.097447f, -0.173936f, -0.141820f, -0.272489f, -0.951649f, 
	9.419260f, -99.495598f, 20.451036f, 0.980136f, -5.661890f, -0.201261f, 0.943499f, -0.263255f, 0.960003f, 0.136585f, -0.244415f, -0.194649f, -0.301917f, -0.933251f, 
	8.619590f, -106.249001f, 22.114437f, 0.908099f, -6.076530f, -0.140131f, 0.957211f, -0.253199f, 0.977846f, 0.093629f, -0.187221f, -0.155503f, -0.273825f, -0.949125f, 
	15.218300f, -106.219002f, 22.590837f, 1.247830f, -6.145920f, -0.142085f, 0.979033f, -0.145967f, 0.974639f, 0.112615f, -0.193384f, -0.172891f, -0.169742f, -0.970204f, 
	9.419260f, -99.495598f, 20.451036f, 0.980136f, -5.661890f, -0.201261f, 0.943499f, -0.263255f, 0.960003f, 0.136585f, -0.244415f, -0.194649f, -0.301917f, -0.933251f, 
	15.218300f, -106.219002f, 22.590837f, 1.247830f, -6.145920f, -0.142085f, 0.979033f, -0.145967f, 0.974639f, 0.112615f, -0.193384f, -0.172891f, -0.169742f, -0.970204f, 
	15.618100f, -99.744904f, 21.759136f, 1.309380f, -5.776270f, -0.188462f, 0.968664f, -0.161781f, 0.954736f, 0.142109f, -0.261312f, -0.230133f, -0.203705f, -0.951600f, 
	9.419260f, -99.495598f, 20.451036f, 0.980136f, -5.661890f, -0.201261f, 0.943499f, -0.263255f, 0.959643f, 0.136028f, -0.246136f, -0.196419f, -0.302169f, -0.932799f, 
	15.618100f, -99.744904f, 21.759136f, 1.309380f, -5.776270f, -0.188462f, 0.968664f, -0.161781f, 0.953923f, 0.141394f, -0.264650f, -0.233482f, -0.204203f, -0.950677f, 
	16.174101f, -93.190399f, 20.753336f, 1.370920f, -5.406610f, -0.269035f, 0.940931f, -0.205595f, 0.922186f, 0.190081f, -0.336812f, -0.277837f, -0.280211f, -0.918852f, 
	9.419260f, -99.495598f, 20.451036f, 0.980136f, -5.661890f, -0.201261f, 0.943499f, -0.263255f, 0.959643f, 0.136028f, -0.246136f, -0.196419f, -0.302169f, -0.932799f, 
	16.174101f, -93.190399f, 20.753336f, 1.370920f, -5.406610f, -0.269035f, 0.940931f, -0.205595f, 0.922186f, 0.190081f, -0.336812f, -0.277837f, -0.280211f, -0.918852f, 
	10.320900f, -92.697403f, 18.712536f, 1.052170f, -5.247260f, -0.308722f, 0.906947f, -0.286597f, 0.923318f, 0.213399f, -0.319288f, -0.228417f, -0.363192f, -0.903281f, 
	9.419260f, -99.495598f, 20.451036f, 0.980136f, -5.661890f, -0.201261f, 0.943499f, -0.263255f, 0.963175f, 0.141701f, -0.228504f, -0.178289f, -0.299550f, -0.937274f, 
	10.320900f, -92.697403f, 18.712536f, 1.052170f, -5.247260f, -0.308722f, 0.906947f, -0.286597f, 0.928506f, 0.222006f, -0.297639f, -0.206317f, -0.357995f, -0.910644f, 
	4.895120f, -92.029297f, 16.424137f, 0.733422f, -5.087900f, -0.331729f, 0.870329f, -0.363981f, 0.928843f, 0.233871f, -0.287323f, -0.164941f, -0.433395f, -0.885982f, 
	9.419260f, -99.495598f, 20.451036f, 0.980136f, -5.661890f, -0.201261f, 0.943499f, -0.263255f, 0.963175f, 0.141701f, -0.228504f, -0.178289f, -0.299550f, -0.937274f, 
	4.895120f, -92.029297f, 16.424137f, 0.733422f, -5.087900f, -0.331729f, 0.870329f, -0.363981f, 0.928843f, 0.233871f, -0.287323f, -0.164941f, -0.433395f, -0.885982f, 
	3.621880f, -99.092102f, 18.965237f, 0.650897f, -5.547520f, -0.230416f, 0.903292f, -0.361900f, 0.962276f, 0.156215f, -0.222758f, -0.144681f, -0.399575f, -0.905211f, 
	11.426500f, -85.809196f, 16.823637f, 1.124210f, -4.832620f, -0.378220f, 0.869198f, -0.318502f, 0.886563f, 0.241106f, -0.394808f, -0.266374f, -0.431697f, -0.861790f, 
	10.320900f, -92.697403f, 18.712536f, 1.052170f, -5.247260f, -0.308722f, 0.906947f, -0.286597f, 0.922149f, 0.211556f, -0.323860f, -0.233092f, -0.364268f, -0.901652f, 
	16.174101f, -93.190399f, 20.753336f, 1.370920f, -5.406610f, -0.269035f, 0.940931f, -0.205595f, 0.919365f, 0.187273f, -0.345972f, -0.287033f, -0.282095f, -0.915442f, 
	11.426500f, -85.809196f, 16.823637f, 1.124210f, -4.832620f, -0.378220f, 0.869198f, -0.318502f, 0.886563f, 0.241106f, -0.394808f, -0.266374f, -0.431697f, -0.861790f, 
	16.174101f, -93.190399f, 20.753336f, 1.370920f, -5.406610f, -0.269035f, 0.940931f, -0.205595f, 0.919365f, 0.187273f, -0.345972f, -0.287033f, -0.282095f, -0.915442f, 
	17.042400f, -86.475700f, 19.399137f, 1.432470f, -5.036960f, -0.318118f, 0.908412f, -0.271272f, 0.891386f, 0.189156f, -0.411887f, -0.322850f, -0.372837f, -0.869920f, 
	11.426500f, -85.809196f, 16.823637f, 1.124210f, -4.832620f, -0.378220f, 0.869198f, -0.318502f, 0.884079f, 0.237130f, -0.402708f, -0.274507f, -0.433893f, -0.858127f, 
	17.042400f, -86.475700f, 19.399137f, 1.432470f, -5.036960f, -0.318118f, 0.908412f, -0.271272f, 0.885023f, 0.181964f, -0.428513f, -0.339904f, -0.376400f, -0.861852f, 
	18.379200f, -79.520699f, 17.522636f, 1.494020f, -4.667300f, -0.324028f, 0.879018f, -0.349763f, 0.865540f, 0.126206f, -0.484677f, -0.381898f, -0.459783f, -0.801719f, 
	11.426500f, -85.809196f, 16.823637f, 1.124210f, -4.832620f, -0.378220f, 0.869198f, -0.318502f, 0.884079f, 0.237130f, -0.402708f, -0.274507f, -0.433893f, -0.858127f, 
	18.379200f, -79.520699f, 17.522636f, 1.494020f, -4.667300f, -0.324028f, 0.879018f, -0.349763f, 0.865540f, 0.126206f, -0.484677f, -0.381898f, -0.459783f, -0.801719f, 
	12.838000f, -78.786400f, 14.709436f, 1.196250f, -4.417980f, -0.395459f, 0.846225f, -0.357093f, 0.859929f, 0.204524f, -0.467646f, -0.322700f, -0.492009f, -0.808574f, 
	11.426500f, -85.809196f, 16.823637f, 1.124210f, -4.832620f, -0.378220f, 0.869198f, -0.318502f, 0.890592f, 0.247779f, -0.381382f, -0.252579f, -0.427902f, -0.867816f, 
	12.838000f, -78.786400f, 14.709436f, 1.196250f, -4.417980f, -0.395459f, 0.846225f, -0.357093f, 0.866861f, 0.215364f, -0.449634f, -0.303587f, -0.487361f, -0.818727f, 
	7.677770f, -77.884903f, 11.601837f, 0.898473f, -4.168660f, -0.417829f, 0.836678f, -0.354103f, 0.869585f, 0.255408f, -0.422598f, -0.263137f, -0.484496f, -0.834280f, 
	11.426500f, -85.809196f, 16.823637f, 1.124210f, -4.832620f, -0.378220f, 0.869198f, -0.318502f, 0.890592f, 0.247779f, -0.381382f, -0.252579f, -0.427902f, -0.867816f, 
	7.677770f, -77.884903f, 11.601837f, 0.898473f, -4.168660f, -0.417829f, 0.836678f, -0.354103f, 0.869585f, 0.255408f, -0.422598f, -0.263137f, -0.484496f, -0.834280f, 
	6.235840f, -84.961098f, 13.957236f, 0.815947f, -4.628280f, -0.399259f, 0.842762f, -0.361032f, 0.895625f, 0.274294f, -0.350170f, -0.196081f, -0.463158f, -0.864313f, 
	11.426500f, -85.809196f, 16.823637f, 1.124210f, -4.832620f, -0.378220f, 0.869198f, -0.318502f, 0.893125f, 0.252136f, -0.372499f, -0.243469f, -0.425349f, -0.871666f, 
	6.235840f, -84.961098f, 13.957236f, 0.815947f, -4.628280f, -0.399259f, 0.842762f, -0.361032f, 0.894746f, 0.272236f, -0.354001f, -0.200052f, -0.464370f, -0.862751f, 
	4.895120f, -92.029297f, 16.424137f, 0.733422f, -5.087900f, -0.331729f, 0.870329f, -0.363981f, 0.929190f, 0.234786f, -0.285450f, -0.162978f, -0.432900f, -0.886587f, 
	11.426500f, -85.809196f, 16.823637f, 1.124210f, -4.832620f, -0.378220f, 0.869198f, -0.318502f, 0.893125f, 0.252136f, -0.372499f, -0.243469f, -0.425349f, -0.871666f, 
	4.895120f, -92.029297f, 16.424137f, 0.733422f, -5.087900f, -0.331729f, 0.870329f, -0.363981f, 0.929190f, 0.234786f, -0.285450f, -0.162978f, -0.432900f, -0.886587f, 
	10.320900f, -92.697403f, 18.712536f, 1.052170f, -5.247260f, -0.308722f, 0.906947f, -0.286597f, 0.927327f, 0.219981f, -0.302777f, -0.211557f, -0.359243f, -0.908949f, 
	1.260660f, -84.045700f, 11.062937f, 0.507685f, -4.423940f, -0.386225f, 0.839040f, -0.383199f, 0.910558f, 0.280440f, -0.303706f, -0.147357f, -0.466224f, -0.872308f, 
	6.235840f, -84.961098f, 13.957236f, 0.815947f, -4.628280f, -0.399259f, 0.842762f, -0.361032f, 0.896511f, 0.276405f, -0.346221f, -0.191991f, -0.461901f, -0.865902f, 
	7.677770f, -77.884903f, 11.601837f, 0.898473f, -4.168660f, -0.417829f, 0.836678f, -0.354103f, 0.866522f, 0.249857f, -0.432101f, -0.273054f, -0.487382f, -0.829398f, 
	1.260660f, -84.045700f, 11.062937f, 0.507685f, -4.423940f, -0.386225f, 0.839040f, -0.383199f, 0.910558f, 0.280440f, -0.303706f, -0.147357f, -0.466224f, -0.872308f, 
	7.677770f, -77.884903f, 11.601837f, 0.898473f, -4.168660f, -0.417829f, 0.836678f, -0.354103f, 0.866522f, 0.249857f, -0.432101f, -0.273054f, -0.487382f, -0.829398f, 
	2.654760f, -76.969498f, 8.602187f, 0.600699f, -3.919340f, -0.389359f, 0.859105f, -0.332172f, 0.886679f, 0.251946f, -0.387715f, -0.249398f, -0.445490f, -0.859848f, 
	1.260660f, -84.045700f, 11.062937f, 0.507685f, -4.423940f, -0.386225f, 0.839040f, -0.383199f, 0.906626f, 0.268800f, -0.325231f, -0.169878f, -0.473031f, -0.864513f, 
	2.654760f, -76.969498f, 8.602187f, 0.600699f, -3.919340f, -0.389359f, 0.859105f, -0.332172f, 0.873407f, 0.229835f, -0.429344f, -0.292507f, -0.457290f, -0.839836f, 
	-2.474710f, -76.193199f, 6.112597f, 0.302926f, -3.670020f, -0.301747f, 0.911943f, -0.278044f, 0.911115f, 0.189954f, -0.365768f, -0.280744f, -0.363700f, -0.888203f, 
	1.260660f, -84.045700f, 11.062937f, 0.507685f, -4.423940f, -0.386225f, 0.839040f, -0.383199f, 0.906626f, 0.268800f, -0.325231f, -0.169878f, -0.473031f, -0.864513f, 
	-2.474710f, -76.193199f, 6.112597f, 0.302926f, -3.670020f, -0.301747f, 0.911943f, -0.278044f, 0.911115f, 0.189954f, -0.365768f, -0.280744f, -0.363700f, -0.888203f, 
	-3.708790f, -83.177399f, 8.403697f, 0.199423f, -4.219600f, -0.342828f, 0.863338f, -0.370294f, 0.929218f, 0.253779f, -0.268609f, -0.137927f, -0.436170f, -0.889231f, 
	1.260660f, -84.045700f, 11.062937f, 0.507685f, -4.423940f, -0.386225f, 0.839040f, -0.383199f, 0.903214f, 0.259709f, -0.341696f, -0.187177f, -0.478082f, -0.858139f, 
	-3.708790f, -83.177399f, 8.403697f, 0.199423f, -4.219600f, -0.342828f, 0.863338f, -0.370294f, 0.924952f, 0.241361f, -0.293612f, -0.164112f, -0.443162f, -0.881291f, 
	-5.205470f, -90.380798f, 11.379037f, 0.095921f, -4.769190f, -0.355917f, 0.831739f, -0.426067f, 0.933157f, 0.291721f, -0.210039f, -0.050405f, -0.472344f, -0.879972f, 
	1.260660f, -84.045700f, 11.062937f, 0.507685f, -4.423940f, -0.386225f, 0.839040f, -0.383199f, 0.903214f, 0.259709f, -0.341696f, -0.187177f, -0.478082f, -0.858139f, 
	-5.205470f, -90.380798f, 11.379037f, 0.095921f, -4.769190f, -0.355917f, 0.831739f, -0.426067f, 0.933157f, 0.291721f, -0.210039f, -0.050405f, -0.472344f, -0.879972f, 
	-0.236068f, -91.239304f, 13.956737f, 0.414671f, -4.928540f, -0.344435f, 0.842012f, -0.415188f, 0.934942f, 0.267542f, -0.233035f, -0.085138f, -0.468442f, -0.879383f, 
	1.260660f, -84.045700f, 11.062937f, 0.507685f, -4.423940f, -0.386225f, 0.839040f, -0.383199f, 0.907598f, 0.271545f, -0.320200f, -0.164605f, -0.471460f, -0.866389f, 
	-0.236068f, -91.239304f, 13.956737f, 0.414671f, -4.928540f, -0.344435f, 0.842012f, -0.415188f, 0.933422f, 0.259834f, -0.247406f, -0.100439f, -0.472761f, -0.875448f, 
	4.895120f, -92.029297f, 16.424137f, 0.733422f, -5.087900f, -0.331729f, 0.870329f, -0.363981f, 0.932653f, 0.244561f, -0.265233f, -0.141825f, -0.427454f, -0.892843f, 
	1.260660f, -84.045700f, 11.062937f, 0.507685f, -4.423940f, -0.386225f, 0.839040f, -0.383199f, 0.907598f, 0.271545f, -0.320200f, -0.164605f, -0.471460f, -0.866389f, 
	4.895120f, -92.029297f, 16.424137f, 0.733422f, -5.087900f, -0.331729f, 0.870329f, -0.363981f, 0.932653f, 0.244561f, -0.265233f, -0.141825f, -0.427454f, -0.892843f, 
	6.235840f, -84.961098f, 13.957236f, 0.815947f, -4.628280f, -0.399259f, 0.842762f, -0.361032f, 0.895629f, 0.274303f, -0.350152f, -0.196063f, -0.463152f, -0.864320f, 
	-1.801210f, -98.511299f, 17.139236f, 0.321657f, -5.433150f, -0.279501f, 0.857826f, -0.431294f, 0.960104f, 0.245550f, -0.133810f, -0.008881f, -0.451487f, -0.892234f, 
	-0.236068f, -91.239304f, 13.956737f, 0.414671f, -4.928540f, -0.344435f, 0.842012f, -0.415188f, 0.933980f, 0.262527f, -0.242408f, -0.095112f, -0.471271f, -0.876845f, 
	-5.205470f, -90.380798f, 11.379037f, 0.095921f, -4.769190f, -0.355917f, 0.831739f, -0.426067f, 0.932185f, 0.283788f, -0.224715f, -0.065991f, -0.477153f, -0.876339f, 
	-1.801210f, -98.511299f, 17.139236f, 0.321657f, -5.433150f, -0.279501f, 0.857826f, -0.431294f, 0.960104f, 0.245550f, -0.133810f, -0.008881f, -0.451487f, -0.892234f, 
	-5.205470f, -90.380798f, 11.379037f, 0.095921f, -4.769190f, -0.355917f, 0.831739f, -0.426067f, 0.932185f, 0.283788f, -0.224715f, -0.065991f, -0.477153f, -0.876339f, 
	-6.877230f, -97.730400f, 14.810436f, -0.007582f, -5.318770f, -0.356223f, 0.815608f, -0.455949f, 0.934142f, 0.322346f, -0.153207f, 0.022017f, -0.480497f, -0.876720f, 
	-1.801210f, -98.511299f, 17.139236f, 0.321657f, -5.433150f, -0.279501f, 0.857826f, -0.431294f, 0.960062f, 0.243768f, -0.137326f, -0.012666f, -0.452451f, -0.891699f, 
	-6.877230f, -97.730400f, 14.810436f, -0.007582f, -5.318770f, -0.356223f, 0.815608f, -0.455949f, 0.934263f, 0.319265f, -0.158813f, 0.016039f, -0.482549f, -0.875722f, 
	-8.636520f, -105.153000f, 18.470037f, -0.111085f, -5.868360f, -0.354746f, 0.810910f, -0.465383f, 0.930821f, 0.353115f, -0.094245f, 0.087910f, -0.466621f, -0.880078f, 
	-1.801210f, -98.511299f, 17.139236f, 0.321657f, -5.433150f, -0.279501f, 0.857826f, -0.431294f, 0.960062f, 0.243768f, -0.137326f, -0.012666f, -0.452451f, -0.891699f, 
	-8.636520f, -105.153000f, 18.470037f, -0.111085f, -5.868360f, -0.354746f, 0.810910f, -0.465383f, 0.930821f, 0.353115f, -0.094245f, 0.087910f, -0.466621f, -0.880078f, 
	-3.400570f, -105.821999f, 20.466137f, 0.228643f, -5.937750f, -0.242844f, 0.866973f, -0.435183f, 0.967777f, 0.247318f, -0.047339f, 0.066588f, -0.432656f, -0.899097f, 
	-1.801210f, -98.511299f, 17.139236f, 0.321657f, -5.433150f, -0.279501f, 0.857826f, -0.431294f, 0.957044f, 0.212835f, -0.196895f, -0.077107f, -0.467800f, -0.880465f, 
	-3.400570f, -105.821999f, 20.466137f, 0.228643f, -5.937750f, -0.242844f, 0.866973f, -0.435183f, 0.968656f, 0.192551f, -0.156936f, -0.052264f, -0.459654f, -0.886559f, 
	2.382380f, -106.152000f, 21.543636f, 0.568371f, -6.007140f, -0.173194f, 0.917280f, -0.358611f, 0.982344f, 0.134736f, -0.129793f, -0.070739f, -0.374759f, -0.924420f, 
	-1.801210f, -98.511299f, 17.139236f, 0.321657f, -5.433150f, -0.279501f, 0.857826f, -0.431294f, 0.957044f, 0.212835f, -0.196895f, -0.077107f, -0.467800f, -0.880465f, 
	2.382380f, -106.152000f, 21.543636f, 0.568371f, -6.007140f, -0.173194f, 0.917280f, -0.358611f, 0.982344f, 0.134736f, -0.129793f, -0.070739f, -0.374759f, -0.924420f, 
	3.621880f, -99.092102f, 18.965237f, 0.650897f, -5.547520f, -0.230416f, 0.903292f, -0.361900f, 0.967282f, 0.172029f, -0.186474f, -0.106184f, -0.393026f, -0.913376f, 
	-1.801210f, -98.511299f, 17.139236f, 0.321657f, -5.433150f, -0.279501f, 0.857826f, -0.431294f, 0.957327f, 0.214593f, -0.193582f, -0.073507f, -0.466996f, -0.881199f, 
	3.621880f, -99.092102f, 18.965237f, 0.650897f, -5.547520f, -0.230416f, 0.903292f, -0.361900f, 0.967350f, 0.172284f, -0.185881f, -0.105556f, -0.392914f, -0.913497f, 
	4.895120f, -92.029297f, 16.424137f, 0.733422f, -5.087900f, -0.331730f, 0.870329f, -0.363981f, 0.932353f, 0.243663f, -0.267107f, -0.143782f, -0.427966f, -0.892285f, 
	-1.801210f, -98.511299f, 17.139236f, 0.321657f, -5.433150f, -0.279501f, 0.857826f, -0.431294f, 0.957327f, 0.214593f, -0.193582f, -0.073507f, -0.466996f, -0.881199f, 
	4.895120f, -92.029297f, 16.424137f, 0.733422f, -5.087900f, -0.331730f, 0.870329f, -0.363981f, 0.932353f, 0.243663f, -0.267107f, -0.143782f, -0.427966f, -0.892285f, 
	-0.236068f, -91.239304f, 13.956737f, 0.414671f, -4.928540f, -0.344435f, 0.842012f, -0.415188f, 0.932325f, 0.254893f, -0.256515f, -0.110160f, -0.475443f, -0.872822f, 
	-8.515520f, 19.855801f, -9.205983f, 0.480979f, 1.942790f, -0.154170f, 0.983112f, 0.098606f, 0.987464f, 0.149889f, 0.049489f, 0.033873f, 0.104999f, -0.993895f, 
	-8.569380f, 13.699600f, -9.552564f, 0.488080f, 1.594230f, -0.170770f, 0.985175f, 0.016354f, 0.985029f, 0.170300f, 0.026757f, 0.023575f, 0.020678f, -0.999508f, 
	-1.901980f, 13.571600f, -8.427934f, 0.849762f, 1.597200f, -0.150335f, 0.988634f, -0.001652f, 0.988281f, 0.150326f, 0.026529f, 0.026476f, 0.002356f, -0.999647f, 
	-8.515520f, 19.855801f, -9.205983f, 0.480979f, 1.942790f, -0.154170f, 0.983112f, 0.098606f, 0.987464f, 0.149889f, 0.049489f, 0.033873f, 0.104999f, -0.993895f, 
	-1.901980f, 13.571600f, -8.427934f, 0.849762f, 1.597200f, -0.150335f, 0.988634f, -0.001652f, 0.988281f, 0.150326f, 0.026529f, 0.026476f, 0.002356f, -0.999647f, 
	-1.933170f, 19.752300f, -8.220023f, 0.843022f, 1.955450f, -0.131699f, 0.988310f, 0.076806f, 0.990619f, 0.128363f, 0.046879f, 0.036472f, 0.082259f, -0.995943f, 
	-8.515520f, 19.855801f, -9.205983f, 0.480979f, 1.942790f, -0.154170f, 0.983112f, 0.098606f, 0.987466f, 0.149895f, 0.049427f, 0.033811f, 0.104990f, -0.993898f, 
	-1.933170f, 19.752300f, -8.220023f, 0.843022f, 1.955450f, -0.131699f, 0.988310f, 0.076806f, 0.990624f, 0.128375f, 0.046739f, 0.036333f, 0.082241f, -0.995950f, 
	-1.824830f, 25.855499f, -7.455303f, 0.836281f, 2.313710f, -0.107805f, 0.979010f, 0.172966f, 0.993001f, 0.097593f, 0.066519f, 0.048242f, 0.178926f, -0.982679f, 
	-8.515520f, 19.855801f, -9.205983f, 0.480979f, 1.942790f, -0.154170f, 0.983112f, 0.098606f, 0.987466f, 0.149895f, 0.049427f, 0.033811f, 0.104990f, -0.993898f, 
	-1.824830f, 25.855499f, -7.455303f, 0.836281f, 2.313710f, -0.107805f, 0.979010f, 0.172966f, 0.993001f, 0.097593f, 0.066519f, 0.048242f, 0.178926f, -0.982679f, 
	-8.317520f, 25.934099f, -8.278004f, 0.473877f, 2.291350f, -0.132029f, 0.971424f, 0.197241f, 0.990152f, 0.119898f, 0.072279f, 0.046565f, 0.204842f, -0.977687f, 
	-8.515520f, 19.855801f, -9.205983f, 0.480979f, 1.942790f, -0.154170f, 0.983112f, 0.098606f, 0.987529f, 0.150097f, 0.047512f, 0.031909f, 0.104701f, -0.993992f, 
	-8.317520f, 25.934099f, -8.278004f, 0.473877f, 2.291350f, -0.132029f, 0.971424f, 0.197241f, 0.990287f, 0.120511f, 0.069350f, 0.043599f, 0.204482f, -0.977899f, 
	-14.825000f, 26.015900f, -9.208653f, 0.111474f, 2.268990f, -0.136996f, 0.965672f, 0.220702f, 0.989683f, 0.123998f, 0.071775f, 0.041945f, 0.228258f, -0.972697f, 
	-8.515520f, 19.855801f, -9.205983f, 0.480979f, 1.942790f, -0.154170f, 0.983112f, 0.098606f, 0.987529f, 0.150097f, 0.047512f, 0.031909f, 0.104701f, -0.993992f, 
	-14.825000f, 26.015900f, -9.208653f, 0.111474f, 2.268990f, -0.136996f, 0.965672f, 0.220702f, 0.989683f, 0.123998f, 0.071775f, 0.041945f, 0.228258f, -0.972697f, 
	-15.086000f, 19.954700f, -10.275964f, 0.118936f, 1.930120f, -0.156874f, 0.980636f, 0.117236f, 0.987168f, 0.152106f, 0.048621f, 0.029848f, 0.123359f, -0.991913f, 
	-8.515520f, 19.855801f, -9.205983f, 0.480979f, 1.942790f, -0.154170f, 0.983112f, 0.098606f, 0.987527f, 0.150091f, 0.047576f, 0.031973f, 0.104711f, -0.993989f, 
	-15.086000f, 19.954700f, -10.275964f, 0.118936f, 1.930120f, -0.156874f, 0.980636f, 0.117236f, 0.987168f, 0.152107f, 0.048612f, 0.029838f, 0.123357f, -0.991914f, 
	-15.194900f, 13.815200f, -10.735563f, 0.126397f, 1.591260f, -0.171386f, 0.984665f, 0.032585f, 0.985019f, 0.170619f, 0.025020f, 0.019076f, 0.036385f, -0.999156f, 
	-8.515520f, 19.855801f, -9.205983f, 0.480979f, 1.942790f, -0.154170f, 0.983112f, 0.098606f, 0.987527f, 0.150091f, 0.047576f, 0.031973f, 0.104711f, -0.993989f, 
	-15.194900f, 13.815200f, -10.735563f, 0.126397f, 1.591260f, -0.171386f, 0.984665f, 0.032585f, 0.985019f, 0.170619f, 0.025020f, 0.019076f, 0.036385f, -0.999156f, 
	-8.569380f, 13.699600f, -9.552564f, 0.488080f, 1.594230f, -0.170770f, 0.985175f, 0.016354f, 0.985071f, 0.170339f, 0.024884f, 0.021729f, 0.020359f, -0.999557f, 
	-21.614000f, 20.041500f, -11.292064f, -0.243107f, 1.917460f, -0.139761f, 0.981194f, 0.133139f, 0.989791f, 0.134643f, 0.046741f, 0.027935f, 0.138312f, -0.989995f, 
	-15.086000f, 19.954700f, -10.275964f, 0.118936f, 1.930120f, -0.156874f, 0.980636f, 0.117236f, 0.987187f, 0.152186f, 0.047979f, 0.029209f, 0.123260f, -0.991944f, 
	-14.825000f, 26.015900f, -9.208653f, 0.111474f, 2.268990f, -0.136996f, 0.965672f, 0.220702f, 0.989675f, 0.123953f, 0.071967f, 0.042140f, 0.228282f, -0.972683f, 
	-21.614000f, 20.041500f, -11.292064f, -0.243107f, 1.917460f, -0.139761f, 0.981194f, 0.133139f, 0.989791f, 0.134643f, 0.046741f, 0.027935f, 0.138312f, -0.989995f, 
	-14.825000f, 26.015900f, -9.208653f, 0.111474f, 2.268990f, -0.136996f, 0.965672f, 0.220702f, 0.989675f, 0.123953f, 0.071967f, 0.042140f, 0.228282f, -0.972683f, 
	-21.311300f, 26.091600f, -10.112363f, -0.250930f, 2.246620f, -0.123060f, 0.962327f, 0.242451f, 0.991546f, 0.109101f, 0.070239f, 0.041141f, 0.249045f, -0.967618f, 
	-21.614000f, 20.041500f, -11.292064f, -0.243107f, 1.917460f, -0.139761f, 0.981194f, 0.133139f, 0.989750f, 0.134446f, 0.048152f, 0.029347f, 0.138504f, -0.989927f, 
	-21.311300f, 26.091600f, -10.112363f, -0.250930f, 2.246620f, -0.123060f, 0.962327f, 0.242451f, 0.991359f, 0.108026f, 0.074411f, 0.045417f, 0.249513f, -0.967306f, 
	-27.740200f, 26.152201f, -10.854263f, -0.613333f, 2.224260f, -0.089611f, 0.961124f, 0.261170f, 0.994934f, 0.074389f, 0.067621f, 0.045564f, 0.265907f, -0.962921f, 
	-21.614000f, 20.041500f, -11.292064f, -0.243107f, 1.917460f, -0.139761f, 0.981194f, 0.133139f, 0.989750f, 0.134446f, 0.048152f, 0.029347f, 0.138504f, -0.989927f, 
	-27.740200f, 26.152201f, -10.854263f, -0.613333f, 2.224260f, -0.089611f, 0.961124f, 0.261170f, 0.994934f, 0.074389f, 0.067621f, 0.045564f, 0.265907f, -0.962921f, 
	-28.068899f, 20.108801f, -12.116364f, -0.605150f, 1.904800f, -0.101738f, 0.984005f, 0.146234f, 0.994387f, 0.096297f, 0.043836f, 0.029053f, 0.149873f, -0.988278f, 
	-21.614000f, 20.041500f, -11.292064f, -0.243107f, 1.917460f, -0.139761f, 0.981194f, 0.133139f, 0.989753f, 0.134457f, 0.048069f, 0.029263f, 0.138493f, -0.989931f, 
	-28.068899f, 20.108801f, -12.116364f, -0.605150f, 1.904800f, -0.101738f, 0.984005f, 0.146234f, 0.994391f, 0.096319f, 0.043687f, 0.028903f, 0.149858f, -0.988285f, 
	-28.228300f, 13.986300f, -12.726163f, -0.596968f, 1.585330f, -0.110360f, 0.992180f, 0.058298f, 0.993820f, 0.109455f, 0.018505f, 0.011980f, 0.059980f, -0.998128f, 
	-21.614000f, 20.041500f, -11.292064f, -0.243107f, 1.917460f, -0.139761f, 0.981194f, 0.133139f, 0.989753f, 0.134457f, 0.048069f, 0.029263f, 0.138493f, -0.989931f, 
	-28.228300f, 13.986300f, -12.726163f, -0.596968f, 1.585330f, -0.110360f, 0.992180f, 0.058298f, 0.993820f, 0.109455f, 0.018505f, 0.011980f, 0.059980f, -0.998128f, 
	-21.755501f, 13.912600f, -11.839363f, -0.235285f, 1.588300f, -0.151729f, 0.987314f, 0.046789f, 0.988334f, 0.150914f, 0.020503f, 0.013182f, 0.049354f, -0.998694f, 
	-21.614000f, 20.041500f, -11.292064f, -0.243107f, 1.917460f, -0.139761f, 0.981194f, 0.133139f, 0.989793f, 0.134654f, 0.046660f, 0.027855f, 0.138302f, -0.989998f, 
	-21.755501f, 13.912600f, -11.839363f, -0.235285f, 1.588300f, -0.151729f, 0.987314f, 0.046789f, 0.988310f, 0.150827f, 0.022247f, 0.014908f, 0.049617f, -0.998657f, 
	-15.194900f, 13.815200f, -10.735563f, 0.126397f, 1.591260f, -0.171386f, 0.984665f, 0.032585f, 0.985058f, 0.170697f, 0.022880f, 0.016967f, 0.036019f, -0.999207f, 
